222967
8027
8027
22933
374618
100130771
84503
57091
389206
222389
222389
222389
222389
575
23464
23464
9015
9015
54517
285193
25827
5576
346653
346653
346653
346653
346653
346653
346653
346653
346653
346653
346653
346653
346653
91833
10117
57683
57683
3824
3824
3824
1657
1657
83877
83877
83877
83877
83877
83877
83877
7252
6285
54536
80758
80758
80758
60482
441869
158326
57628
8820
8820
8820
8820
8820
1666
6833
9053
9053
9053
9053
5757
114826
841
841
841
841
841
841
841
841
841
841
841
841
841
841
841
841
3750
222166
1936
1936
1936
1936
1936
1936
1936
1936
1936
1936
1936
1936
1936
1936
1936
1936
1936
1936
23647
56899
56899
56899
56899
26519
10566
10566
10566
10566
25979
29940
11145
7390
7390
26130
26130
26130
26130
26130
201229
56164
56164
56164
10585
728833
728833
88455
1960
122525
9928
348262
51474
147463
8110
8110
5890
8609
8609
80321
80321
9814
9814
9814
345895
100128108
64743
1528
5791
5791
50
2875
576
6929
6929
6929
6929
6929
6929
6929
6929
6929
646486
646486
10592
10592
10592
10592
10592
10592
10592
10592
10592
10592
10592
10592
10592
10592
10592
10592
10592
1312
1312
1312
11262
60561
60561
7782
1797
10659
10659
10659
10659
10659
10659
4209
4209
4209
4209
339168
339168
9205
284274
10746
199990
51294
7776
57010
57010
57010
57010
219995
219995
51365
22881
22881
22881
64218
64218
64218
51458
389903
4047
4047
4047
23072
23072
23072
22838
22838
22838
4258
4258
4258
258010
258010
258010
165055
9146
84316
116840
116840
55159
55159
403
84940
84940
84940
10061
51006
51006
51006
51006
51006
1414
50615
64599
139793
114882
114882
5777
4622
198437
198437
198437
92345
80210
80210
4317
4317
6949
257101
257101
219854
219854
219854
219854
219854
219854
219854
219854
219854
219854
219854
219854
219854
219854
219854
219854
219854
219854
2893
2893
2893
63950
5470
100507607
441282
55715
55715
56981
56981
8496
124590
148156
148156
148156
148156
148156
139735
139735
795
9022
6619
1859
90268
90268
64902
864
864
9617
9617
9617
9617
9617
9617
9617
9617
9617
9617
9617
9617
9617
9617
9617
7408
51222
51222
51222
2911
4331
150468
353345
136288
136288
644100
57701
57701
130120
130120
730098
730098
5655
5655
5655
5655
5655
5655
5655
5655
26121
57597
10068
10068
10068
10068
10068
10068
10068
10068
10068
10068
10068
10068
10068
10068
10068
10068
10068
10068
23640
23640
23640
150159
150159
150159
11159
11159
11159
11159
11159
11159
11159
11159
11159
11159
11159
11159
11159
11159
11159
11159
11159
11159
11159
11159
11159
11159
11159
11159
11159
11159
11159
11159
11159
11159
11159
11159
11159
11159
11159
11159
11159
11159
11159
11159
11159
11159
11159
11159
11159
11159
11159
11159
11159
11159
11159
11159
11159
11159
11159
11159
11159
11159
11159
11159
11159
11159
11159
11159
11159
11159
114904
114904
114904
114904
114904
114904
114904
59284
5588
643669
7761
7761
222553
6328
2444
2444
2444
2444
2444
2444
2444
10171
10171
223075
285989
285989
80023
80023
80023
80023
80023
80023
80023
80023
80023
80023
80023
80023
80023
80023
80023
80023
80023
80023
80023
80023
80023
80023
80023
80023
9153
5066
5066
4040
8863
8863
8863
419
419
6197
6197
280664
84695
84695
84695
5802
5802
201292
51117
51117
340205
340205
151194
151194
151194
151194
84059
83986
83986
83986
83986
83986
83986
83986
83986
83986
84547
84547
128637
128637
387890
57661
79684
79684
79684
79684
79684
79684
79684
79684
79684
79684
79684
79684
79684
79684
253559
83657
54900
6492
6492
4696
11091
11091
11091
11091
3595
3595
3595
7337
231
231
9104
9104
27141
51312
389852
9455
9455
1395
1395
80342
84033
84033
84033
84033
84033
84033
84033
5787
161176
161176
126661
100506736
100506736
100506736
100506736
100506736
27300
29760
29760
2794
57494
57494
57494
57494
57494
57494
57494
57494
57494
57494
57494
57494
57494
57494
57494
57494
57494
57494
57494
57494
57494
57494
57494
57494
57494
57494
57494
57494
57494
57494
57494
57494
57494
57494
57494
57494
57494
57494
57494
57494
57494
57494
57494
57494
57494
57494
57494
57494
57494
57494
57494
57494
57494
57494
57494
57494
57494
57494
57494
57494
57494
57494
57494
57494
57494
57494
57494
57494
57494
57494
57494
57494
57494
57494
57494
57494
57494
57494
57494
57494
57494
57494
57494
57494
57494
57494
57494
57494
57494
57494
57494
57494
57494
57494
57494
57494
57494
57494
57494
57494
23587
5910
148738
199953
54849
56986
56986
7139
7139
7139
7139
7139
7139
7139
116841
116841
79071
79071
5982
3745
3745
145748
9150
3976
3976
440270
57209
57209
57209
57209
57209
57209
57209
57209
57209
57209
57209
57209
57209
57209
57209
55321
55321
55321
55321
55321
55321
55321
55321
23623
84525
5099
5099
93979
93979
93979
93979
93979
23196
3886
23516
23516
23516
23516
23516
26952
2906
25852
9759
9919
100130301
100130301
1306
6546
6546
6546
6546
6546
6546
6546
152485
152485
152485
256643
151393
9491
56946
55213
55213
55213
10139
10139
10139
10139
10139
64062
64062
64062
64062
64062
64062
64062
64062
64062
64062
64062
50863
153129
5175
5175
5175
126006
11279
11279
81669
81669
81669
81669
81669
81669
81669
81669
192669
192669
11066
2030
2030
2030
2030
2030
2030
4703
4703
4703
4703
4703
4703
4703
4703
4703
4703
4703
4703
4703
4703
4703
4703
4703
23431
23431
9848
9378
60506
10393
10393
4133
4133
4133
4133
4133
4133
4133
4133
4133
4133
4133
4133
4133
4133
4133
4133
4133
4133
4133
4133
4133
4133
4133
4133
619373
2967
140711
140711
150726
150726
150726
150726
150726
7637
7637
7637
7637
7637
7637
7637
7637
7637
64223
64223
64223
64223
64223
64223
64223
7592
7592
7592
7592
7592
7592
7592
7592
7592
7592
7592
83985
10220
2797
6293
114880
114880
642446
23191
4208
4208
4208
4208
4208
27122
83871
83871
83871
83871
83871
83871
55900
55900
55900
7581
85462
85462
85462
517
1879
51161
51161
55288
341880
7323
7323
7323
7323
7323
81832
81832
51422
54963
54963
54963
23065
23400
23400
3167
65250
55591
55591
55591
55591
55591
375248
375248
375248
375248
375248
375248
375248
375248
375248
375248
375248
375248
375248
375248
375248
375248
375248
375248
375248
375248
375248
375248
375248
375248
375248
375248
375248
375248
375248
375248
375248
375248
375248
375248
375248
375248
375248
375248
375248
375248
375248
375248
375248
375248
375248
375248
375248
375248
375248
375248
375248
375248
375248
375248
375248
375248
375248
375248
375248
375248
375248
375248
375248
375248
375248
375248
375248
375248
375248
375248
375248
375248
375248
375248
375248
375248
375248
375248
375248
375248
5339
5339
253982
253982
54477
100190949
2184
7335
7335
7335
7335
7335
118813
118813
118813
118813
7416
7416
339479
55722
79074
8875
51678
51678
51678
51678
51678
51678
51678
51678
23295
23295
10450
79741
51741
23228
23228
23228
80313
80313
22829
84545
84545
11004
11004
130916
6331
6331
56834
56834
56834
56834
56834
56834
56834
56834
56834
10565
3163
54899
54899
54899
54899
54899
54899
54899
54899
54899
54899
54899
54899
54899
54899
54899
54899
54899
90019
27121
27121
10475
10475
124751
8437
8437
6369
6369
1428
5529
5529
6375
201973
6925
6925
388559
3326
2260
2260
2260
2260
53405
6934
6934
79089
79089
79089
79089
79089
79089
79089
79089
79089
79089
79089
79089
79089
79089
79089
79089
79089
79089
79089
79089
79089
79089
79089
79089
79089
79089
79089
79089
79089
79089
200316
643596
339487
339487
79734
253650
253650
23352
23352
23352
55193
51809
10781
10781
10781
10781
10781
10781
10781
10781
10781
10781
160140
283008
283008
100129094
57536
55357
55357
26289
26289
26289
121642
121642
121642
126119
126119
130749
23215
9358
390
8997
375033
375033
5424
5424
83852
5602
5602
5602
5602
5602
5602
5602
5602
5602
5602
5602
5602
5602
5602
5602
5602
5602
5602
5602
5602
5602
5602
5602
5602
5602
5602
5602
5602
5602
5602
5602
5602
5602
63970
995
1827
5775
5775
132243
89858
64147
64147
64147
64147
2110
9705
9705
9705
9705
9705
9705
9705
9705
339318
339318
339318
339318
1031
1512
643707
201633
374897
2998
29994
29994
29994
29994
51115
51115
8554
5265
5265
5265
5265
5265
5265
5265
5265
5265
5265
5265
132158
132158
340277
340277
7726
7726
7726
7726
7726
7726
128308
128308
128308
128308
128308
128308
128308
128308
128308
128308
128308
128308
128308
128308
128308
128308
128308
128308
128308
128308
128308
128308
128308
128308
128308
128308
128308
128308
128308
128308
128308
128308
100131378
1196
55227
54985
54985
10390
10390
10390
10390
10390
10390
474354
474354
474354
474354
60401
80345
80345
80279
51657
51657
51657
51657
4524
59352
55793
79608
203238
2901
10051
10051
170482
862
862
862
862
862
862
862
862
862
862
862
862
862
862
862
862
862
862
862
862
862
868
10148
729420
9750
55161
55161
55628
55628
4931
51347
51347
51347
266675
266675
283298
4012
22906
22906
6000
6000
6000
6000
55197
1298
136242
1004
51105
51105
443
443
80745
80745
80745
80745
80745
55605
55605
79176
79176
79176
10656
23138
23138
23138
176
6607
79777
54847
5257
55374
10216
10216
6561
23543
23543
100131017
94235
94235
94235
6494
53632
5678
5678
10458
10458
8989
8989
4267
282974
282974
282974
282974
282974
282974
5672
5672
4598
340351
340351
9295
9295
118491
6597
6597
6597
6597
6597
6597
6597
100652748
114548
114548
114548
114548
114548
114548
114548
114548
114548
114548
114548
114548
137682
137682
137682
137682
137682
137682
137682
137682
137682
137682
137682
137682
137682
137682
137682
137682
137682
137682
137682
137682
137682
137682
3636
89777
89777
89777
51305
51
4544
7756
875
875
91662
91662
91662
22900
130617
130617
55064
55064
55064
55064
55064
55064
55064
8869
8869
8869
8869
8869
8869
8869
8869
8869
8869
8869
8869
8869
8869
8869
8869
8869
8869
8869
8869
8869
8869
8869
8869
152816
79830
338322
2934
2934
2934
2934
2934
2934
2934
2934
2934
2934
2934
2934
2934
2934
2934
2934
2934
2934
2934
2934
2934
2934
2934
2934
2934
2934
2934
2934
2934
2934
2934
2934
2934
2934
2934
2934
2934
5328
8900
8900
8900
10666
10666
440345
56063
56063
56063
56063
56063
8672
8672
8672
8672
3082
3082
3082
3082
259197
122509
122509
57507
57507
27032
27032
89941
89941
89941
89941
89941
89941
89941
89941
89941
89941
89941
89941
89941
89941
89941
89941
89941
89941
89941
89941
89941
89941
89941
89941
81796
153769
153769
55623
2949
79042
342618
342618
342618
342618
653149
83714
5891
5891
5891
55254
113251
113251
113251
113251
113251
113251
113251
727684
79852
147650
51504
776
80726
4350
7675
10152
6498
6498
238
3567
3567
653061
126364
729974
158067
1993
1993
1993
1993
1993
1993
23224
55929
55929
55929
55929
55929
55929
55929
84196
348654
348654
348654
348654
348654
945
817
817
817
817
817
817
817
817
10385
10385
103
103
285335
6710
6710
1305
404636
6322
6322
93035
8996
440560
10147
10147
1838
1838
1838
55593
9830
9830
9830
142686
142686
85320
85320
85320
85320
85320
85320
79973
6536
10039
23149
23149
23149
23149
23149
23149
51409
200132
83706
399473
80198
80198
255411
79016
7770
7770
7770
7770
744
744
744
744
744
54811
10745
10745
10745
59271
6263
6263
6263
6263
6263
1176
643418
643418
643418
376497
152877
152877
342865
9489
122953
29123
29123
29123
29123
29123
29123
29123
29123
29123
29123
29123
29123
29123
29123
29123
29123
29123
27033
2324
728734
728734
9014
9014
5789
5789
5789
5789
5789
83416
284346
191
191
191
191
9581
9581
9581
9581
9581
9581
9581
9581
9581
10014
10014
10014
6606
6427
65003
4435
51385
288
288
23321
23321
23321
23321
23321
23321
51763
51763
51763
51763
51763
51763
408187
2006
2006
2006
283337
196385
3092
433
433
116986
285753
285753
285753
285753
285753
114625
114625
114625
26094
26094
26094
26094
26094
26094
26094
26094
642938
642938
642938
642938
642938
11283
7940
6434
55795
55795
55795
284459
284459
445577
7226
255809
255809
54434
55425
150677
55258
55012
5252
415
1725
84614
84614
84614
84614
1353
1353
1353
1353
1353
1353
84310
84310
84310
84310
114784
10332
83697
57666
23288
3061
3061
8533
197320
158401
158401
503834
503834
64779
64779
91828
91828
91828
91828
91828
91828
91828
51082
2618
2618
2618
2618
2618
2618
89882
30819
30819
401563
3050
55063
10869
10869
10869
1996
1996
1996
1996
1996
55624
55624
23646
23646
23646
23646
23646
23646
23646
23646
23646
23646
23646
23646
23646
23646
23646
23646
23646
23646
23646
23646
23646
101060389
7052
51398
9399
641339
641339
4848
4848
64600
147323
286006
286006
286006
286006
286006
286006
442038
442038
442038
55164
83795
11025
11025
7743
7743
7743
55347
6596
6596
55814
55814
9487
9487
57104
26001
26001
26001
26001
26001
26001
26001
7086
83990
8424
8424
8424
8424
8424
8424
8424
8424
25834
2202
2202
2202
2202
5729
26149
26149
26149
26149
7368
7368
7368
7368
7368
7368
7368
7368
7368
7368
7368
7368
7368
7368
7368
6932
5108
5108
51571
51571
51571
51571
51571
51571
51571
51571
51571
51571
51571
51571
51571
51571
51571
51571
51571
51571
51571
51571
51571
51571
51571
51571
51571
51571
51571
51571
51571
51571
51571
51571
51571
51571
51571
51571
51571
51571
51571
51571
51571
51571
51571
51571
51571
51571
51571
51571
51571
51571
51571
51571
51571
51571
51571
51571
51571
51571
51571
51571
51571
51571
51571
51571
51571
51571
51571
51571
51571
51571
51571
51571
51571
51571
51571
51571
51571
51571
51571
51571
51571
51571
51571
51571
51571
51571
51571
51571
51571
51571
51571
51571
51571
51571
51571
51571
51571
51571
51571
51571
51571
51571
51571
51571
51571
51571
51571
51571
51571
51571
51571
51571
51571
51571
51571
51571
51571
51571
51571
51571
51571
51571
51571
51571
51571
51571
51571
51571
51571
51571
51571
51571
51571
51571
51571
51571
51571
51571
51571
51571
51571
51571
50813
55573
55573
9684
9684
9684
9684
9684
89876
598
598
598
598
598
598
598
598
598
598
2305
7201
3149
84722
84722
84722
84722
84722
84722
84722
9518
2261
2261
84293
84293
28968
203286
225
2762
9615
9615
9615
51435
338599
29801
83737
83737
4286
388364
57614
23469
23469
10326
10326
2775
1740
51693
23051
23051
23051
23051
23051
23051
23051
23051
23051
23051
23051
23051
23051
23051
23051
23051
284325
9926
9926
9926
9926
64326
64326
7692
7692
7692
7692
7692
7692
7692
7692
7692
7692
7692
7692
7692
7692
7692
7692
7692
7692
7692
7692
7692
7692
7692
7692
7692
7692
7692
7692
7692
7692
7692
7692
7692
7692
7692
7692
7692
7692
283710
84912
6991
10841
80347
80347
80347
220979
127544
6421
6421
6421
6421
6421
6421
79642
79642
5985
5985
5985
54988
948
948
948
948
948
948
121601
121601
121601
169270
169270
169270
169270
169270
169270
348174
348174
348174
282969
364
364
91355
91355
91355
91355
91355
91355
1755
633
54763
54763
79841
79841
83660
114905
5934
1121
256369
256369
85480
729877
26528
26528
10622
10622
10622
10622
7088
80128
65125
5465
5465
5465
5465
5465
5465
5465
5465
112724
112724
112724
81552
8458
4140
7633
7633
7633
5830
5830
5830
84891
58155
4153
4153
3382
3382
3382
3382
3382
3382
3382
3382
3382
3382
4753
4753
139716
139716
9677
9677
9677
9677
9677
9677
9677
9677
9677
9677
9677
9677
9677
9677
9677
127018
9706
57169
162655
162655
162655
162655
55028
55028
55028
55028
55028
114771
55174
5315
5315
56244
7050
7050
7050
57708
57708
57708
57708
5334
5334
2182
2182
2182
2182
2182
2182
1690
775
775
775
775
775
775
775
775
775
775
775
775
775
775
775
775
775
775
775
775
775
775
775
53832
53832
23567
23567
23567
6418
80349
80349
642819
642819
642819
51310
51310
11096
257169
257169
257169
257169
2821
2596
441168
729533
729533
729533
729533
729533
729533
349565
349565
349565
349565
349565
349565
25875
2742
2742
2742
2742
2742
2742
10371
10371
10371
10371
10371
10371
11280
11280
7272
7272
2800
2800
2800
29974
29974
4649
2330
338339
6920
7431
7432
10361
10361
10361
10361
10739
10739
54908
54908
55147
84866
387509
387509
3611
3611
3611
3611
3611
6867
6867
5899
9687
6708
220064
222962
222962
222962
222962
120425
2475
7216
7216
7216
284353
51531
51531
79727
9701
9701
9701
9701
9701
9701
54453
54453
5321
51528
27324
23355
23355
100287036
55716
11158
11158
11158
11158
11158
11158
11158
11158
11158
11158
11158
11158
11158
11158
11158
29926
29926
29926
57623
8703
8703
8703
8703
8100
8100
8100
8100
8100
8100
8100
8100
8100
8100
118611
22989
26251
26251
26251
5905
5905
5905
5905
5905
5905
10717
29899
29899
29899
29899
29899
29899
29899
27039
27039
27039
136306
8317
8317
8317
8317
57528
84941
7404
2122
4599
4599
4599
4599
4599
4599
4599
4599
4599
4599
4599
4599
4599
4599
4599
4599
91584
23213
23213
23213
23213
54906
54906
54906
54906
54906
54906
54906
54906
54906
54906
54906
54906
54906
54906
54906
54906
54906
54906
54906
54906
54906
2622
2622
2622
11329
11329
146540
146540
1759
1759
1759
1759
1759
1759
282973
282973
282973
282973
9319
5150
7871
7871
7871
7871
60343
1300
8187
6560
83890
7140
7140
7140
7140
843
9812
9812
3371
79157
84251
84251
84251
627
5110
9821
9821
9821
9821
140885
348327
83733
83733
83733
83733
83733
83733
195977
387032
2941
51102
51102
51102
51102
51102
51102
51102
51102
51102
51102
51102
51102
51102
51102
51102
51102
51102
51102
51102
153396
84671
2551
2551
2551
59350
113000
5158
5158
2982
2982
2982
2982
2982
2982
2982
2982
2982
79645
79645
79645
79645
79645
5831
5831
5831
5831
22998
22998
26010
100507170
51166
816
816
11073
84236
84236
84236
84236
84236
84236
84236
84236
284307
58508
58508
84717
3293
3293
3293
3293
11189
11189
11189
11189
64116
25946
25946
25946
25946
25946
57184
90987
81786
84830
64446
64446
64446
55268
9088
6277
653857
91050
91050
79747
79109
79184
284348
148867
148867
3728
3728
3728
3728
3728
3728
3728
3728
3728
3728
401551
6861
83723
83723
83723
83723
83723
83723
83723
22925
22925
22925
10487
10487
10487
10487
10487
10487
10487
10487
10487
10487
10487
9913
55328
55328
55796
55796
153572
94120
94120
94120
94120
94120
94120
94120
1347
26108
284067
284067
51752
51752
89944
56853
56853
56853
56853
56853
56853
56853
56853
56853
56853
56853
56853
56853
56853
56853
56853
56853
56853
56853
56853
56853
56853
56853
56853
56853
56853
56853
56853
56853
56853
56853
56853
56853
56853
56853
56853
56853
56853
56853
56853
56853
56853
56853
905
905
6440
80705
80705
80705
80705
80705
80705
80705
80705
80705
80705
80705
646424
6334
6334
6334
84807
84807
84807
84807
57591
224
224
224
2104
2104
2104
2104
64063
2039
2039
2039
2039
2039
2039
2039
2039
2039
2039
2039
2039
2039
360023
149175
93627
93627
146439
440695
84162
23759
23759
23759
23759
23759
23759
23759
126626
126626
1846
10859
10859
10859
51000
51000
84513
146857
146857
146857
146857
146857
146857
146857
146857
146857
146857
54431
682
114827
114827
114827
114827
114827
114827
114827
11168
10188
10188
10188
10188
10188
64333
64333
84893
5562
5168
5168
26052
60686
60686
60686
60686
60686
60686
60686
60686
60686
60686
60686
60686
60686
60686
60686
60686
60686
60686
60686
60686
60686
55680
967
25793
9049
5211
653509
79009
11157
285600
285600
135644
54033
54033
387775
51203
6943
80332
149297
3696
3696
157695
3778
51317
51317
51317
51317
51317
51317
51317
7763
7763
7763
7763
7763
7763
131375
131375
51816
2224
2224
9031
643414
92715
92715
92715
92715
92715
92715
92715
92715
92715
92715
92715
92715
92715
92715
92715
92715
92715
92715
92715
92715
92715
92715
92715
92715
92715
92715
92715
92715
92715
92715
92715
92715
92715
92715
92715
92715
92715
92715
92715
92715
92715
92715
92715
92715
51699
10144
51072
51072
51072
26275
93587
93587
93587
79603
79603
79603
79603
79603
10658
285231
6242
2675
2675
8814
9562
124995
178
51127
51127
51127
51127
63916
63916
84067
23152
139411
953
5601
5601
80177
80177
80177
80177
80177
955
955
955
955
955
955
8715
8715
440738
5058
5058
5058
5058
5058
5058
5058
5058
5058
5058
440068
440068
440068
112744
653269
8899
8899
8899
8899
8899
8899
8899
8899
8899
8899
8899
8899
8899
8899
8899
8899
8899
8899
84070
84070
11228
11228
11228
11228
11228
11228
11228
11228
11228
11228
11228
11228
22869
28970
28970
28970
28970
28970
28970
28970
28970
28970
6386
6386
5939
5939
79411
79411
79411
2255
54776
54854
54854
253143
253143
171586
171586
171586
171586
11030
60370
126669
6938
102723555
83666
83666
83666
83666
83666
83666
83666
83666
5774
5774
11011
11011
11011
11011
11011
11011
11011
11011
414060
7752
7752
7752
4343
4343
4343
83539
401399
93973
5903
79930
79930
79930
79930
79930
79930
653519
23786
23786
23786
79133
79133
116535
116535
4192
4192
284370
57489
1432
551
274
100130370
169166
23040
23040
23040
23040
23040
23040
23040
285313
10236
10236
10236
2208
2208
27253
10691
10691
4916
4916
4916
4916
43
43
43
122945
122945
122945
6733
6733
7711
1375
1375
5051
3821
55691
1033
83851
83851
391002
220416
220416
54925
7739
390748
646864
5532
51250
131890
4329
7481
121274
55154
55154
1950
149708
149708
56967
5599
5599
5599
5599
5599
5599
5599
5599
5599
5599
5599
5599
5599
5599
5599
5599
5599
5599
5599
5599
5599
5599
5599
5599
5599
5599
5599
5599
3416
3416
100507003
55652
55652
23254
143379
143379
284417
284417
284417
284417
284417
284417
284417
284417
8115
8115
5669
2186
2186
2186
10445
10445
55752
92106
92106
92106
92106
54058
54058
54058
118663
196541
196541
100133251
2780
3070
23091
23091
23091
23091
23091
23091
23091
23091
23091
23091
23091
23091
23091
23091
23091
27037
407738
407738
407738
407738
9563
9563
84166
417
4595
4595
4595
4595
4595
4595
4595
4595
445582
7168
7168
7168
7168
7168
7168
7168
7168
7168
163351
91252
8848
100505591
100505591
54465
51447
51447
29956
90342
55713
55713
55713
55713
55713
55713
55713
55713
55713
55713
55713
55713
55713
55713
55713
55713
55713
55713
55713
55713
55713
55713
55713
55713
84679
84679
84679
84679
84679
11006
54974
83953
83953
2135
2135
2135
3795
22929
5498
3890
85455
85455
84134
84134
84134
84134
79796
79796
284739
142683
29904
160365
283149
283149
84465
11101
7918
7918
7918
7918
7918
7918
7918
7918
7918
7918
7918
7918
7918
7918
7918
57730
57730
57730
57730
57730
57730
162333
79033
79033
8740
10634
10634
10634
150771
729767
9937
9937
9185
27086
729238
729238
729238
729238
2651
26512
9755
9755
9755
9755
64753
23291
57452
57452
57452
7169
7169
7169
7169
7169
7169
9735
22907
3983
3983
142680
152559
219793
4957
4957
10992
100506115
25890
25890
25890
27109
9212
9212
9212
9212
9564
9564
9564
9564
9564
26152
26152
50618
6446
51063
51063
51063
51063
51063
51063
51063
51063
51063
51063
51063
51063
23564
29992
50489
57157
57157
1384
54808
54808
54808
79782
79782
51035
51035
120146
84449
84449
51016
51016
51016
51016
51016
203062
64376
64376
64376
164395
164395
92270
92270
92270
92270
92270
92270
92270
92270
92270
92270
54878
132332
132332
5437
5437
5437
112611
112611
112611
112611
112611
112611
400713
6529
6529
6529
6529
6529
6529
9194
9194
79183
2099
2099
2099
2099
2099
2099
2099
2099
2099
149345
64399
55507
55507
65983
65983
121665
10728
7745
7745
23415
11201
1446
50507
84285
84285
84285
84285
84285
29780
7367
27330
27330
27330
10938
1089
1089
54210
54210
11311
57451
5213
26762
26762
26762
26762
26762
26762
7579
7579
8906
8906
8906
8906
8906
8906
8906
8906
8906
54583
125058
5425
8796
8796
8796
8796
47
47
144165
144165
144165
144165
144165
144165
144165
7694
7694
7694
7694
7694
7694
51455
51455
2036
23169
145264
145264
145264
145264
145264
145264
145264
23250
84700
85461
5136
