222389
6833
6335
1175
26130
26130
26130
26130
26130
26130
26130
11343
254887
23304
79885
79885
79885
79885
6929
11262
11262
201931
91452
91452
91452
1609
9772
9772
9772
9772
139793
139793
445347
445347
445347
6949
2893
170384
8496
8496
8496
91010
80012
79783
27303
64581
10989
5066
222235
83986
9576
23345
57661
2130
2130
117
1627
989
84033
5567
5567
5567
7139
7139
7139
7139
11252
11252
11252
11252
23516
9759
64062
50863
4703
4703
4703
4703
4703
4703
9378
4133
7091
2902
10681
81832
81832
81832
65250
375248
375248
375248
375248
10450
79741
79741
4152
158471
158471
158471
54899
54899
3903
8437
9665
2260
2260
23352
64718
94025
23215
5602
5602
5602
5602
5602
5602
5602
5602
5602
5602
5602
5602
5602
5602
5602
5602
5602
5602
4134
90634
583
83694
55793
55793
2901
1108
1108
256435
101930307
444
444
5257
80217
80217
114548
137682
137682
137682
137682
137682
137682
137682
137682
137682
137682
137682
137682
137682
137682
285755
91662
960
84838
84838
8672
54853
2873
2873
113251
113251
113251
221458
776
163404
2009
93664
1993
1993
1993
1993
1993
1993
1993
1993
27010
27010
27010
27010
27010
27010
27010
27010
27010
23224
348654
348654
348654
348654
2319
817
817
9765
9765
9765
9765
9765
9765
9765
9765
9765
9765
9765
9765
57706
5937
65009
65009
65009
65009
65009
54858
64784
6263
6263
5789
5789
5789
5789
5789
5789
2335
83744
10777
10777
8499
2006
2006
4292
285753
285753
285753
285753
285753
285753
150365
546
546
29124
23288
84057
64779
1390
1390
51088
51088
51088
55624
9833
1066
9826
7368
7368
7368
7368
7368
114791
2305
2261
2261
23276
282969
1755
1755
1755
1755
1755
1755
1755
1755
1755
1755
1755
1755
7088
7088
107987425
4892
4892
23363
775
775
775
775
775
775
775
775
775
775
2742
3939
29974
29974
55902
55147
55147
55147
55147
55147
22864
25936
25936
10181
7871
116966
116966
7140
7140
7140
7140
7140
816
816
6391
58508
58508
58508
58508
58508
58508
8555
8555
79109
10487
10487
10487
10487
10487
10487
10487
10487
10487
10487
10487
10487
284067
56853
56853
56853
56853
56853
56853
56853
56853
56853
56853
56853
56853
56853
56853
56853
56853
56853
56853
56853
56853
56853
56853
56853
2334
10859
10859
5168
10455
10455
51203
23240
3778
51317
51317
51317
51317
51317
51317
51317
54456
3815
3815
23387
23387
131375
131375
55869
10718
10718
23152
23152
23152
23152
23152
9079
9079
10806
152687
6185
6602
53616
6386
6386
131873
9600
57475
81
81
64174
23040
23040
23040
23040
3996
23286
6733
6733
7739
114792
3681
55154
8525
9013
9013
5599
5599
5599
5599
5599
5599
5599
5599
9605
7168
7168
7168
7168
7168
7168
7168
7168
55713
54879
56970
56970
56970
56970
11101
9185
27086
27086
27086
7169
7169
7169
7169
25890
54816
9448
9448
79782
2804
65983
4301
389075
5214
8796
8745
79595
83989
