56833
56833
9611
9611
9611
9611
9611
9611
254887
27005
284958
55209
26286
9320
9320
9320
57337
284403
2130
2130
2130
2130
5095
5910
23196
5160
9378
946
375248
375248
375248
375248
375248
375248
375248
375248
375248
375248
375248
375248
375248
375248
375248
375248
375248
375248
375248
375248
375248
375248
375248
375248
375248
375248
375248
375248
375248
375248
375248
375248
375248
375248
375248
375248
375248
375248
375248
375248
375248
375248
375248
375248
375248
375248
375248
375248
375248
375248
375248
375248
375248
375248
375248
375248
375248
375248
375248
375248
375248
31
160492
11093
8437
9665
2260
94025
8997
135295
728294
11055
1819
8456
8456
92565
92565
960
960
9055
23048
817
817
1305
5747
5747
5747
5747
5789
5789
10777
10777
10777
10777
10777
10777
10777
8499
25900
4869
10869
10869
9826
2323
2323
10326
10326
1740
7090
8912
1755
1755
78995
775
775
10948
10948
128989
8685
116966
116966
7140
7140
7140
4591
58508
58508
22897
22897
22897
22897
22897
284067
284067
284067
284067
284067
56853
56853
56853
56853
56853
56853
56853
56853
56853
56853
56853
56853
56853
56853
56853
84245
80332
8394
26095
23152
955
6185
54715
23544
23544
255119
255743
9016
9605
85021
7168
7168
55713
55713
55713
5498
5498
5498
27086
27086
27086
27086
27086
27086
27086
27086
3983
3983
27328
79595
85461
54778
54778
