4642
2352
64092
9436
4864
80349
54796
6573
54879
130540
197258
92595
1497
3326
321
85013
10253
161829
2903
26234
152559
6996
57691
51291
49855
10314
441250
161
1198
56271
152816
10140
23051
23091
1657
130733
64761
168544
84000
2852
2580
116285
23194
79786
55857
92482
84464
254122
1508
4179
54875
346653
64225
9162
55573
6764
10161
4061
5916
431707
124997
118429
640
56159
6518
133874
54840
23632
79903
2873
100287171
79892
116840
159091
23026
883
91746
221035
387923
90139
83851
353145
7273
83641
728586
28965
11064
9398
51062
26130
1512
6154
22797
5549
2104
64801
79768
79037
57476
1842
825
192683
3674
9212
23185
6621
3658
401145
410
93953
23036
5594
9044
120425
27131
56917
22832
7757
84135
7311
302
10347
23135
84223
805
10533
204219
642987
7813
140885
27334
26284
200916
755
79961
7128
124790
79828
222234
1240
1029
9271
1675
122481
5682
3737
79689
147657
79098
503834
643836
85409
100130771
65061
375686
4915
27443
7453
204962
92675
90288
84518
3375
284076
50617
114548
821
55220
3355
128153
23007
64926
8812
85464
10558
732
364
10956
3694
10134
3720
54766
116931
57153
10497
254773
29109
57569
3200
284451
92912
1232
445571
1870
4166
285175
10485
79088
493911
10898
6396
116841
83544
51311
654429
253959
9476
84419
2868
55808
171425
150465
79544
89777
25875
81555
91409
56624
55186
170712
123720
8874
25963
100652748
253650
8567
10241
284110
161582
162282
58499
115352
389206
54439
5031
130814
8437
440348
54207
131965
150677
55011
8997
114818
9810
51491
81793
284348
57482
10290
157567
5639
114088
128611
654463
100129842
64789
221191
4125
139728
57650
4635
92106
51164
25861
8899
101928841
7432
1298
84872
10989
79862
83481
127018
10929
6447
60676
415
55795
169026
4967
79170
26010
114784
79621
3886
9564
10009
51156
387597
10427
4636
4040
9404
79872
4343
126070
26034
8517
1466
57611
6829
196951
128387
378108
5308
128674
5898
7133
84632
10919
139716
1838
2023
10973
23389
9894
23150
79663
57035
100996709
51474
8499
22852
6013
55061
9236
26974
10746
3150
60437
55790
84883
28971
3764
7629
115399
55920
9528
51061
123591
55069
29118
440590
1616
2792
25758
6165
64081
494470
127544
221037
11006
4233
4045
3579
55018
135295
123228
6397
2642
157697
11235
3747
54437
1609
3373
747
8838
83986
55142
23365
64109
113451
5982
3189
10712
79868
400720
84100
54823
27185
79705
5020
10663
54900
55211
3163
4013
56154
100287399
101927572
6935
1153
8522
54859
55022
146691
51646
79665
6403
8500
101059938
344657
3386
57654
55803
55829
11131
57094
2322
349565
79691
23394
808
130026
6738
57053
51341
3948
23312
388536
8727
55621
23224
9889
6134
147138
7879
10077
50485
5519
23090
374907
6907
5886
25981
10753
8844
898
5685
3932
114798
65258
1244
6095
57794
9121
162333
984
9842
80183
89941
7417
25794
2618
283461
151295
7957
63967
4168
5170
2110
257218
9924
155061
6821
64145
165186
80025
8445
160419
8702
79602
83706
260425
7850
4259
400966
23012
2350
4771
200523
10725
26986
57713
1259
25976
10848
10075
91452
162681
55718
28960
23414
8710
285203
8019
9698
9782
23493
2001
9693
91869
100128927
10495
23136
2060
79698
6542
9448
65220
60485
53944
54972
7068
388121
94
55227
53354
55218
10500
151254
2045
80829
51312
53407
201895
51186
1413
26595
93986
51594
56474
54
7070
54916
101930307
728734
23263
57154
8218
83737
64344
52
348174
221656
4049
10951
374355
2762
1410
9326
91828
84525
58189
2888
64598
22878
51181
65082
7050
10226
10629
285704
387601
145864
5718
79009
140469
79906
55314
90634
391
6857
23552
548644
4201
431705
246778
133686
599
11047
10234
100288332
222223
284361
84193
5922
100507003
3655
8879
63901
51252
79759
139065
8458
2904
338322
140690
8480
983
63894
84306
919
11135
260429
5871
259236
22883
55863
388969
51177
51496
353500
163
5110
57633
81552
9611
857
79190
257313
10678
22847
26065
10891
125150
9784
3604
26135
9926
7733
107984026
9766
5660
8711
84461
129303
10001
57657
60528
154141
117155
166655
9656
729533
23097
55769
7913
89910
9892
92579
60685
5562
492307
10603
374973
10298
143
2990
23243
64849
54664
81669
55374
79713
2528
2165
339855
219749
23140
144535
26505
100507527
196996
9214
28512
140545
360205
3843
220134
168417
1906
6546
368
115825
84210
9058
5684
23569
2969
10623
25999
56942
9016
50810
29070
554282
200010
112267855
83878
57584
1306
51520
9658
728194
51528
8729
137735
517
27121
10795
26298
91807
341883
148
387707
84280
643418
64094
149499
3213
712
84941
84240
140733
1846
2790
3697
57595
51308
977
126003
4809
55601
387990
147906
340156
5984
10400
8323
160851
149175
540
54471
1773
171568
140680
83608
55679
5164
11133
57099
2098
7917
79799
85395
26512
57085
440829
5142
90
5429
93210
5816
6611
57529
5132
5207
84068
116835
10392
326624
107985931
7204
5452
541465
9764
4068
6773
203197
3360
9668
7155
10044
57551
5195
9425
9994
9654
79921
489
11069
5139
348793
125228
5673
6778
6480
11311
259307
55668
4942
29923
10565
2908
116966
5563
7035
152110
29086
285533
80256
1622
55256
128308
5589
9807
55904
50801
148979
439921
64327
22843
148281
4047
759
83475
10421
8900
55922
9920
29780
9522
89872
126868
139135
896
57758
10557
80830
90678
55561
5372
1635
2709
149473
7936
56850
91523
23408
417
26011
55876
4355
10219
26716
2691
57407
340393
29904
8548
51231
1877
29763
100507747
83479
23566
27175
79968
113220
2533
26173
11113
1797
8908
22903
3113
6648
124222
6137
23192
79661
10990
641371
55531
7248
159119
317671
285362
51112
27303
3284
25766
135398
5874
90529
23067
2091
9645
200845
7407
23416
6405
10554
6490
146378
10572
4683
51225
23306
64423
7439
6091
4289
10174
5424
9984
9502
10462
6183
6940
4110
546
8822
8495
6235
22926
26190
4486
55512
51704
24139
3070
231
254102
5326
90199
161436
78988
727957
284131
8898
644353
23074
25792
81029
577
84172
4114
9699
9338
4750
57528
85456
146542
6712
340554
1510
80162
84547
30832
3276
4126
57822
10361
9967
146802
23397
78990
846
9961
102724813
10865
64600
1488
94122
23208
642446
101060351
51522
280636
80227
4133
64208
51146
57105
79896
65981
7343
8292
6344
726
51091
79072
107984974
51070
150274
131601
360203
5680
3127
5932
7403
10295
1787
55321
23189
55612
2596
9232
79612
5792
7620
80726
9066
7978
8939
9154
122060
54760
5352
9778
3187
79596
652
644145
929
10326
79022
23040
10251
5796
283847
57210
5896
56890
79035
203523
80709
9439
84274
4739
100129515
10687
85479
83875
9497
23480
9351
157570
56163
55065
55140
164714
25943
55224
126259
26057
9659
100288413
2934
66008
100507170
152206
55815
9185
2912
57184
84975
32
399909
81608
158763
10734
22818
84141
26258
10800
79587
84326
126248
100507607
9489
57179
80142
201294
7037
11234
23169
89887
100129278
5678
55728
84063
10650
22917
307
55320
730394
9515
6583
55289
64816
11200
861
6675
10633
120379
152273
138046
4648
118
23231
85363
375616
129642
84455
9024
11020
57724
6604
9443
60313
54780
51596
6232
81037
84289
56995
7188
127255
5646
11072
55183
8678
142891
94081
4641
22976
375
5187
8972
728597
80008
91607
346689
2639
57473
223117
57577
51460
151887
220963
9796
1428
388849
23321
10318
22919
27087
729857
92822
55248
178
55138
56953
4174
728378
255239
6575
5212
78987
101929400
1436
80833
11076
57492
51678
79368
84717
92521
782
5576
83876
27136
79785
7443
80723
440184
6637
1768
9277
9381
10362
4678
8763
9711
4238
2053
55839
1791
6847
115827
84251
147372
6650
64689
339665
130940
23199
734
1009
55164
9402
51043
338811
1102
80344
4926
80067
25946
10876
89882
6568
388795
6118
51574
162461
54434
27250
51699
81544
7587
55250
7024
5427
9274
285513
84337
3609
64581
378949
85015
55711
56935
10050
5789
23592
163778
4696
10180
167691
63920
139221
90007
9667
133558
175
55283
23085
22835
57731
201176
54187
51506
128218
26151
10233
9423
133482
10655
56884
9689
6444
167
389831
10287
402415
81849
23307
161253
400823
23250
115353
1366
7750
23400
9767
646851
4267
55066
604
56987
9675
146330
56673
137492
2547
4638
9931
282991
2696
51121
5163
5047
26586
169044
2643
1429
7581
201514
9147
8496
26040
10743
11226
27147
55238
267002
387723
170589
8540
120935
2444
54544
389362
7707
60343
83890
64794
81609
57496
55048
10564
9374
23562
2961
10964
55106
55024
95
145282
80232
460
387509
8082
57623
196394
2672
9860
7263
6049
5108
91289
27315
389136
25851
283710
158
283768
10147
116369
10043
8428
64969
131177
65059
57526
26526
8671
51251
8615
6640
79652
257019
10325
6905
269
57599
2901
144195
55604
51619
54901
9533
3815
93185
201633
23329
54815
3695
5045
440073
4753
2160
11316
127002
2004
10434
84886
253635
26519
162993
5359
7335
58526
84542
3908
50937
7638
727866
2357
23460
26154
255403
51575
7249
115560
79789
5504
5428
57533
10385
11144
186
105373242
389337
6257
51030
54629
154664
85480
84899
65056
2645
4882
2900
9580
255520
4291
57679
90987
163882
8131
9857
284252
57380
57102
2733
4354
8372
64710
26262
4723
7347
81556
10455
84134
2059
9928
80332
5017
56882
10644
360023
9988
84557
5270
4139
6484
10592
112755
55101
10062
81628
54602
84818
26523
54800
6897
60678
7791
54869
5928
57689
2070
6453
254887
79230
51103
54870
5531
9467
3630
4137
7596
79567
639
256126
100129094
1983
2902
284992
79969
51562
716
140873
140688
516
1740
252969
26137
54328
60495
29942
338949
55195
79581
132671
55294
8575
7525
83695
2116
26100
6229
7517
10139
25793
5026
80184
57631
125061
10531
51127
3429
196541
79671
100310812
4919
58494
719
124602
5284
9826
23515
79930
117248
4647
10370
84070
84991
3551
131034
144321
5067
4670
343035
339834
4552
54988
25816
256329
57597
4067
11011
79659
84074
375316
57530
14
3069
56944
374928
58511
1415
26050
198437
81786
255231
65125
200942
766
7258
2978
28232
1775
79684
253559
7122
345051
118924
90120
339105
9049
441476
6698
8503
2994
58492
11341
341277
51621
150365
4439
25800
54221
64928
283078
56964
93979
1945
219790
10524
11080
57645
127
6759
2785
90113
6529
5738
11079
80179
132612
79882
55092
1755
278
55277
57060
80114
23244
6469
4599
2115
83464
388403
7626
143241
2824
2078
63917
1289
901
84196
91419
6164
3933
23072
129401
10016
9873
9444
150290
285440
7755
64787
51157
83473
125170
26207
5274
9516
1033
7572
284338
6199
83607
5774
160857
9854
57181
4534
84269
54876
128338
7165
6272
400961
9831
120939
415117
6335
7565
10060
311
2553
1840
55625
8034
374897
257169
63933
390077
3358
56521
84869
81932
9401
152015
23516
55194
54898
116983
105377805
345895
107985770
646498
149483
57410
1180
51601
3800
5174
55180
222658
826
202500
6297
2815
112483
2186
5609
2259
10681
8712
10344
79411
90342
2956
127665
5617
79809
642938
54845
54797
114805
400713
114904
7579
649238
1859
8732
3682
83605
374875
79905
123016
222584
54020
84539
1800
389177
8443
9792
54993
666
25924
10584
9378
3911
29855
199745
64837
3856
7187
3614
2052
406
10803
162967
4698
23241
2833
6277
23092
1066
56911
2774
22800
728957
55775
84316
6155
7158
9665
85320
92
29933
134637
285180
79683
441272
26095
1176
9870
10252
53841
343521
1822
5335
147179
130827
4969
55771
51657
5378
57697
26985
23105
84317
64763
25959
8720
23384
388662
8745
10181
57414
1016
5214
130132
57465
5878
26960
51700
28988
22893
23780
102725035
10983
10057
54432
221074
7547
9270
199964
54955
3428
3035
54346
219699
200810
102724862
55885
117283
79726
55628
147687
119032
2208
112840
157922
25897
10600
341019
66037
6799
1605
79068
1748
84221
55726
51050
6747
10051
287015
11159
2000
286144
48
23031
728588
23649
1312
1652
3092
79894
6059
4218
9770
2998
9753
64288
5178
8861
5906
100131378
92255
7391
63939
9477
170082
64326
54742
153657
6432
23065
128989
64399
1390
643680
199953
2548
139081
90268
9874
22994
57178
1307
284004
513
11280
84079
56894
221476
10342
9848
9922
118987
84106
254158
5079
339967
84628
9609
81848
113878
80207
7159
6263
203328
51256
400757
5106
5251
8526
160365
4122
79834
83445
51280
912
140803
79608
121273
205147
26035
100506115
25906
90799
64224
7703
617
51232
1538
388276
165904
51554
3459
60526
51523
201292
10793
374378
71
54809
8087
729877
255057
9917
389
91775
8814
219844
56261
1879
51147
84894
83666
57508
100507055
5091
2780
51529
23503
116179
4087
1045
3954
55254
343
84264
4258
9706
90627
4129
9674
197322
79648
56061
55160
8498
2039
79034
80006
254783
23157
4613
54069
6416
8828
56477
10627
23119
151556
137682
55051
389541
2995
55697
55809
10093
1159
79798
2263
116228
51629
26160
5052
2958
51155
323
23620
29767
79846
6175
51306
26092
161514
221687
35
3688
7701
93099
340120
222166
57703
54517
83874
129804
11102
84267
389084
442213
112268238
91137
10413
130612
10487
84532
140894
55852
401548
1659
51148
255743
8313
220032
5588
2797
3778
3752
535
5494
84830
728591
283254
9620
55075
9015
22823
80217
56606
81693
161003
11016
30827
796
2029
54726
10652
65110
10569
9312
92181
53905
27067
728269
120071
283643
253017
23229
285268
8450
7317
64859
11309
80305
5934
57614
5914
327
56616
753
57007
150248
6792
118424
55222
2796
9173
81621
55274
22984
6703
5493
64333
3875
92799
92949
2742
55036
25854
133491
56986
221496
56165
10124
56267
84988
11033
548313
92565
9847
10617
57475
926
1439
2289
133688
9972
167127
146664
100129543
79831
117247
728294
23351
11138
79781
10013
51372
146547
27434
84181
64850
4542
414189
64328
2941
133396
6753
57705
8888
55719
10320
644019
29896
23261
56623
200316
54930
340351
11160
11098
114823
8501
8894
51444
65988
51257
9867
25941
8880
3265
404636
9615
51133
7014
160777
6249
5890
3275
130560
148203
57139
9750
5791
27005
168374
6171
157807
114960
3995
387890
10595
653784
30819
7514
54860
54453
170482
57655
159090
23523
391002
2101
3093
6259
5265
79797
27245
54457
10186
23431
1803
81616
2077
822
11062
8110
84908
56246
11215
85446
144809
1610
729420
9897
55861
2043
8867
10859
80318
79962
8555
4482
26118
27132
2178
339883
3914
80230
329
165082
55884
25929
58190
55791
79627
23438
100129250
2775
107985332
1448
51203
7871
147746
26108
396
7090
4074
5891
317761
100505876
3797
113277
727936
11196
7036
10056
2272
10616
26476
25874
6210
64105
58476
11157
10539
100129407
6748
165324
346673
29081
2494
27113
27158
10300
4899
51361
29760
56203
126295
63905
9013
8925
284323
65244
23179
51651
10814
6755
79156
6101
6625
51347
55577
8291
130497
23331
3172
63891
256006
445577
9235
9738
10605
6242
3833
3384
5893
83690
132228
55793
84641
25894
55205
146909
92345
200879
56955
644815
84838
79065
1184
4889
149998
130752
387694
3017
9110
58493
28231
2845
9755
84437
60682
79087
126069
79989
7089
7976
54014
131
91156
107987462
222255
10391
26097
11092
10393
1588
5798
4117
8904
130074
8674
7006
22858
25873
23580
8626
127703
54093
833
64782
254827
83450
643904
5662
114882
283310
6876
9146
6720
6606
100500938
8453
29924
23567
3104
9131
387338
23127
284695
23164
400506
2690
26683
222967
7059
2702
211
5450
253512
55006
10327
27177
64434
27252
219681
5434
374393
57335
286530
9354
7799
7319
9367
781
2537
8073
53637
10666
129852
8565
5547
60490
92346
497190
283848
1288
2898
63977
5077
8193
5578
51676
1757
57448
920
84282
1901
253260
10257
2678
11061
10332
60673
26524
8451
1048
22900
51441
84910
57732
440279
9463
81831
259217
93134
23530
9189
79959
130951
84836
339318
171023
1258
91039
79145
374969
170959
55184
841
387775
55582
5734
317662
340252
9414
9937
8464
975
5539
23276
220988
6934
4841
8930
57010
64374
55120
55130
394
255928
387032
51287
9344
220992
102724488
81888
10933
51093
123722
22874
1128
29801
80728
102724965
27094
8438
114825
56929
885
55749
145173
146712
80317
4261
51466
3052
9437
5570
63908
64754
53826
334
466
151011
196500
23047
5013
55298
4589
8773
51385
84132
4995
124491
64343
5332
344892
2687
58490
29946
26039
28511
25829
10228
23682
653509
54751
9818
79441
81602
1795
24144
23767
5869
56902
55161
59345
10460
55689
134549
84922
146540
647135
107985876
5000
403
91851
30000
261734
81789
79971
84310
9149
51705
5068
51533
163087
64770
54967
146923
6039
93377
404203
144348
83850
6607
27285
5771
3566
85460
147339
83989
6492
150159
8462
598
576
84986
137902
142910
55554
100287036
23266
80036
26999
85462
55565
9584
54921
154215
195977
57610
729974
55425
5149
105370849
64342
165679
58527
823
11260
79848
81559
10690
56052
57715
79751
8412
84056
1105
9702
644
10265
339976
79931
7189
55466
23217
653308
8459
3750
125336
7305
56978
102724751
51611
173
11009
5073
25771
1948
84328
6318
9604
284325
167681
2554
284346
57730
2217
90025
6511
642658
10950
23506
113540
348262
5977
3354
54033
23462
3183
56913
88745
50507
51128
27141
5989
643707
221264
8740
51161
200576
57722
1181
9487
85445
333
9415
121599
57167
4162
51106
653720
56204
5271
91181
6223
80790
55731
8022
9101
416
2570
10922
11057
253982
23366
89801
79084
3077
84878
29766
63947
54862
153572
92283
284098
55744
54475
2242
1457
3892
2180
83861
7337
79674
1807
27324
155184
26959
50649
55153
10464
257106
111240474
23191
143684
23443
4241
84851
8525
222256
3290
201163
23268
19
6936
494115
4292
3556
1455
3248
11163
143879
4791
5445
971
84833
2187
10765
55812
25806
57554
8875
102723750
1604
53831
10739
23063
8611
79026
25913
84146
58516
171389
2572
11120
2743
23469
25850
54555
283284
23162
9885
6047
79867
8820
221
351
151242
60468
5592
29903
138151
6683
111
376497
283652
10910
285343
6774
56063
25979
85461
81858
575
7074
92292
3692
23101
138881
220074
7711
98
29916
27291
51305
79184
7529
10439
84302
64283
8706
80177
2335
55898
10994
1386
84258
116461
153328
286451
2260
63946
4717
340895
79258
967
8808
9253
91227
8394
125488
553115
905
29956
79734
128553
56478
100288687
23049
29998
128497
220296
23256
81491
3904
667
642612
106821730
10810
80776
143903
89766
170685
7690
81671
6561
3801
346288
154661
10107
54413
54495
51535
102724993
79733
22980
3693
10198
9632
79694
149041
9682
81617
91526
619208
4248
57696
4102
51569
9696
440560
11270
7441
23325
10420
3135
3273
2800
2521
3704
7594
6494
2889
127731
3939
54596
646658
140890
10827
57477
9201
55738
55806
4188
55156
64412
6419
9046
29115
55704
1814
27314
7342
51329
353274
22985
6398
6556
91833
136242
114822
9934
105371095
84064
3897
7586
2549
79656
285755
51059
7772
27077
146862
284406
6705
80013
84527
2121
80167
6169
11189
2246
285237
11004
55007
253461
54503
169270
84286
51334
285193
90550
53904
79852
11332
57003
438
7388
203286
8633
54039
23177
28990
255411
4046
23025
57088
51117
132320
85236
222537
55608
63934
80315
834
5529
324
51004
79805
8427
29909
8784
642778
51322
1908
3661
50859
7468
83723
10105
9821
348158
64762
158046
10801
686
83541
8631
5074
26509
10868
843
50805
94241
26246
10154
388558
83478
64792
8425
1984
284805
8863
4337
10780
3337
26254
81494
7041
9846
64446
1880
126353
7756
3786
64900
10106
1606
51586
55681
51013
204851
25937
545
9806
79634
9866
91966
6421
8515
2918
1361
204
55212
84675
51710
84085
11277
10776
84939
8786
5903
6462
653857
10319
6819
81833
114785
6596
8989
4994
57472
23360
84433
23302
134728
5783
124995
84229
79083
26973
4105
5992
81569
9491
57404
64127
27237
440695
1315
390443
10194
51720
23205
4651
151258
55917
9651
374882
10846
5831
166793
5902
11019
57185
1514
7770
114792
29993
7941
80011
11034
221785
55027
55070
643596
80310
785
83891
285331
107987388
8662
11122
79958
9947
1785
347475
163071
2907
7804
25834
64786
123355
7222
23476
123811
5664
84875
7988
79047
151306
54842
5198
57452
2917
55756
1482
7201
5321
10521
8527
9725
79053
7544
401409
389118
1841
54808
143471
5590
7782
283337
8905
151647
1054
23640
79692
51141
7369
79982
7127
442117
259197
641700
166336
1454
54850
9817
84166
54834
9406
440533
129685
55653
10677
4154
81930
8241
26468
996
5407
55351
84190
9540
5686
1262
5395
1028
79780
10274
9605
23528
23200
8912
29119
127845
7185
2752
8906
286527
6714
84131
2823
197259
7783
5055
29107
9788
5287
6009
301
100505591
80145
159013
283
80020
9014
284099
102724231
90592
1677
55003
91612
222068
56996
2264
50487
114609
105376875
54539
653519
871
653550
9900
105373381
126410
23543
286183
57501
10529
149951
124872
22949
7066
9340
23125
157724
6550
7692
80714
9681
6000
91748
9197
9459
9869
64167
58508
284723
121006
10302
84250
22937
900
9276
91319
284403
284654
4940
3953
1233
11214
26052
146562
2804
80195
8444
23335
7168
8926
10645
256987
84263
147920
6614
84173
92399
4838
653437
728361
5320
100131137
7265
731220
1477
27332
3921
25994
80896
585
55288
6835
22925
163351
54676
10471
5514
3250
64927
79089
79582
9409
3149
23251
166379
653075
254048
49856
22865
27097
79949
170961
11074
5328
80194
8648
255809
135293
81550
26133
89970
3949
94030
29934
55143
10046
55144
26123
9071
219902
8452
64805
8202
1496
4916
54946
152185
2624
5064
79664
9047
79847
140823
169966
64840
57828
402569
9980
7327
122618
2330
84071
3581
7490
259232
9617
10388
100509620
10520
51504
54558
1896
728239
56243
147686
729440
9488
9638
79725
93611
1182
5980
57567
55973
3000
200132
112885
10991
1010
23546
5870
64854
5897
60436
107282092
23301
158787
124599
23549
4886
80746
9020
84629
51249
101927844
55684
140685
375612
56833
26059
5050
84069
84553
84660
5630
8554
54522
5939
728911
23262
1996
7157
4931
51063
57706
57096
91433
27178
8224
3909
7979
55846
662
9575
1021
5423
375449
6830
57231
729238
468
5425
1201
176
653
84232
5641
163404
11283
347240
8602
136895
6899
147949
387680
10371
84333
257068
54974
79731
192666
25953
8470
54344
9927
9170
114905
4478
57121
5175
6788
1026
152789
8563
85012
6527
135644
153241
192670
222553
9514
53938
1375
653061
7812
54502
7227
84803
285989
55240
56288
6310
23220
123876
230
284525
79132
55166
317754
727837
253314
79020
64174
55787
65989
58473
728340
9648
4594
64388
53919
113000
4249
26579
253980
5208
7881
84795
57579
9127
5273
775
6560
25948
3691
441430
57535
255104
6399
285848
83460
78992
23435
5076
93082
26099
57728
389434
79056
8792
57484
6160
102723532
57661
3821
9879
6343
9887
9858
27095
10733
22794
4595
100996631
2030
340547
868
57531
100288801
27433
55717
115098
1468
9622
4779
11179
8434
25798
4992
2993
115704
6434
3054
3781
54107
54715
11158
57683
9785
29902
79947
130162
84249
54910
51384
340348
5094
387496
27019
10777
9500
22899
143098
9337
7732
100506084
196883
121340
10916
55623
3936
63035
285313
165829
26022
2255
23608
448831
9820
64114
23658
2172
9079
23304
30817
5314
22864
5532
26270
90806
10574
5581
5269
55331
7705
1264
3636
4215
660
80835
90701
286006
8408
124512
401397
50
55216
10563
91392
283008
9929
342909
51593
11100
255101
102724631
84891
86
7073
9249
5156
1268
8850
10117
28977
541466
26520
140832
2562
164633
10808
201625
2036
1629
116135
55129
7699
23245
51715
107984449
4237
57786
960
29941
132014
6886
676
83746
91010
57582
202374
105372315
112268354
1730
11099
100288072
5710
685
7105
57560
6726
100507588
8502
83451
121441
11317
79954
51433
113835
84225
171484
4485
10840
56155
2218
7054
51135
54700
400629
64421
23657
1809
3818
51566
9590
2273
5558
7633
80198
51363
55665
5965
219287
80146
78994
11183
25992
4756
5272
25823
113510
118980
4924
2319
140578
253143
89932
4090
11031
440738
5154
79782
4297
9123
10900
80228
171483
25888
55421
80128
3257
57547
7480
5337
100507650
79864
23057
4209
11148
8612
140683
285335
55192
79777
64418
55750
7416
23144
2859
55652
4628
11066
63877
197407
9529
63027
11169
9360
84467
196527
128061
7803
8829
10948
80168
8556
57834
8315
342926
284371
2118
79810
63979
50489
10728
6790
57150
83985
11046
2915
11185
56963
1572
55607
343263
102724219
23421
84623
80150
119
7415
432
23294
57576
2042
728621
3681
51208
54758
138724
51053
9356
339745
4892
9586
85407
401258
2328
157638
127602
1500
53947
64651
5439
728441
177
11077
90827
5653
57149
6610
11142
85417
92140
79603
55001
4430
112770
84256
5394
79591
10101
155465
80279
122402
24142
1936
58485
83943
64062
9061
7170
83416
9730
55010
60401
107987425
7433
3097
55507
81570
84458
152006
57522
57664
153769
3624
79085
101928601
162494
158584
4057
83539
8663
22929
478
7627
51174
80852
7329
23275
102723555
55032
84336
51557
79745
195814
28954
83759
150350
10855
2046
4627
6296
60509
285
284353
653820
10207
22880
3663
8731
85329
51454
55818
140883
474170
253714
7718
84984
79135
2113
7775
27030
3249
64766
339778
80119
136288
107985320
23332
79600
9358
6574
4158
57504
5894
9577
23096
286204
199692
3895
1384
9567
645864
55486
23386
7368
84700
22
83886
390928
56998
57224
5585
80320
55286
56649
222826
51719
54951
9970
10736
10908
917
22872
1131
201140
26051
57693
79633
10203
57552
129531
148581
390
10142
345757
91977
79635
388324
9075
441864
8807
10100
6954
6533
23318
440585
5650
57690
642273
4801
2185
148523
7534
5158
54959
5777
170591
56270
3191
9496
102723680
126695
51661
4221
90557
6734
84892
10483
55615
374899
152926
79957
112476
284459
9570
80817
5062
84329
486
8629
286077
92736
80772
8655
81033
7571
5071
387521
10621
10006
55763
6539
50813
26048
51411
4953
116447
284370
5286
101929989
23344
123346
84278
6927
646457
51196
6708
8798
6634
5288
8739
147381
7272
54739
57621
9179
10087
10152
55626
57799
26251
9851
93550
79607
23034
79925
163059
80133
55605
286826
11119
23175
10110
25974
118738
7267
100131017
79651
105377641
9411
84662
4063
8273
11149
92747
219855
22837
91107
57455
622
30816
10417
5437
79813
41
101410538
1213
122525
119504
26996
254050
5875
408
51313
23161
84645
5478
9790
4004
55556
63950
57471
197370
80125
84168
85441
79902
7072
2071
79979
8659
9709
144983
113444
92291
23216
10606
1382
9921
80325
4225
29974
84905
200373
23518
91689
783
54806
57534
5127
728656
7293
2649
7048
8623
84444
81619
8704
23705
27436
55344
8605
10826
25770
28316
633
60592
56672
123207
1600
113115
54498
58517
6756
210
55388
401265
102723713
22982
199713
57646
126133
11325
388761
64219
83959
5908
80153
401138
10573
23264
3032
64518
10039
152065
55200
126119
25769
85463
2539
1871
148418
29097
54496
4849
84449
80309
114928
83648
435
23504
51380
1031
90204
64077
26019
29
147011
3067
1576
3977
9814
51271
11101
1121
151871
22895
23242
201627
54939
10762
285126
253827
51166
116519
1420
79446
79039
27328
388325
160428
5663
29058
200162
124535
8476
29128
205860
51011
5003
24140
9051
8576
1347
9849
283383
84912
10907
5294
51073
139324
128372
4685
11343
51463
7444
9229
55638
161145
9754
9310
2120
127069
124540
56605
83658
6916
51421
2114
8714
8924
2875
3267
81565
55063
7916
421
54504
23367
11105
2209
84067
51184
155185
656
58504
196385
9043
9705
9677
146705
4609
6328
8456
89846
22877
5889
11244
729359
6135
8569
83940
8721
1890
5053
10817
5959
23023
139212
374383
474354
252839
221545
7294
64902
23037
266722
26030
1875
284369
79730
57553
3903
2006
10229
7009
146050
114815
3084
8717
390271
23081
1729
725
23116
4734
26058
90416
613211
348995
9454
865
134359
388135
80059
84985
3098
427
2892
146754
51440
60561
23014
8448
388611
7769
165721
157313
50814
158219
80024
25809
117195
100128108
4808
89795
160364
2588
4671
27255
391723
123041
1108
7566
4281
4920
55245
5527
8911
91975
100289087
3061
6035
5346
84993
30850
171586
84062
29099
479
57101
64981
3157
132724
80311
160518
643376
2597
143379
9859
4600
114803
145482
126669
1107
285671
84164
6674
25774
122553
56650
83707
267
5334
157680
10911
2646
124590
2967
8310
2011
55173
23409
84179
5648
286075
254427
57673
4887
3133
55422
51390
57118
570
387700
340485
10004
375611
2735
90411
10613
91404
768206
9862
348807
54778
7574
157777
6638
6595
4718
23550
11083
6834
7846
203102
148266
147166
271
54799
285190
5888
5983
3689
10494
1741
79178
2960
9562
64218
153478
5145
90338
10651
83856
79932
23130
51668
9055
80055
348013
55596
9096
55347
81887
93649
51447
22885
10781
55114
256380
283349
146852
55667
55367
54467
158866
86614
9911
10966
139067
23390
27156
272
64149
29071
84197
151651
646864
4051
85002
255119
91647
199990
752
202051
8463
23345
3340
840
51085
2558
132141
55259
1534
64093
27120
337876
11068
9446
84626
6906
90835
55055
1806
60370
55103
399512
57507
1388
4659
64172
7010
79228
259173
56164
51327
28952
100505741
5463
58491
27102
4306
79709
3293
266977
328
80319
126661
79915
51524
8542
57707
89797
146722
64759
2334
4582
7103
158511
64426
60672
10078
9703
728741
79676
266629
2571
55959
6238
11174
54768
147929
9877
112849
84622
284307
56899
23788
83894
60506
54973
583
7767
55810
22915
6949
945
4724
51742
342132
627
154197
3703
7163
160140
284948
4109
55757
342346
81792
5764
223075
353345
8737
10669
142683
9520
51299
340061
80764
28513
55237
6288
4054
219938
1717
83694
22911
91782
57182
164395
9100
133383
23030
4832
4253
54455
10904
256471
8277
54468
8738
84515
7252
2250
374569
54757
9333
201501
6900
55249
5111
55840
23002
118788
8974
6565
57175
10256
389643
348327
2199
100191040
6507
92335
123920
55028
8914
100130348
4107
23355
107987099
1063
26091
10220
64078
114902
25886
84727
8878
81501
90933
6464
2620
58509
3080
155435
7940
26235
107984156
115350
284274
6594
27098
8539
8269
10771
9320
201266
9856
3973
84465
130813
254956
55975
84701
4848
56413
445582
2778
116412
63926
30968
7367
25780
80775
6670
79109
23595
26576
146433
11346
8309
55622
80219
11318
55784
5313
89894
152518
4340
146857
3029
6581
327657
83699
285498
340267
8505
730098
1975
2359
7965
54463
79844
55208
128653
10766
28966
5138
57146
84889
401551
54868
170954
5029
124359
22887
151050
90326
5636
9324
6132
7761
126123
55733
91801
94235
8938
23587
713
55821
391059
30835
10204
220869
79147
26093
148327
443
7039
56729
79750
4052
132332
150709
130535
55552
57148
7013
222235
8076
8038
54894
51455
340419
51317
94121
79573
3557
54991
3178
114876
5213
529
7011
64429
9734
341880
29842
55014
23380
342618
3174
2583
757
159963
4629
57545
22850
4603
85397
10874
7704
387357
5136
5238
84766
27143
128229
170261
4908
64919
79981
2820
7564
64400
55701
9306
11314
728661
1280
9601
115677
11094
55215
10169
2794
23209
133015
25831
9600
88
54960
6275
9056
100996758
22881
5864
4709
54827
8468
50640
51144
29066
7748
79094
84896
91646
254359
284111
54741
55521
126298
10841
10242
80218
55670
341152
65999
55471
4790
1314
23532
441869
56928
1286
151888
23310
55322
84699
64129
4660
92305
9989
80323
3776
55151
80264
55017
50511
85451
54893
54920
79639
9099
389860
10570
5723
9135
399939
1756
340277
8165
2145
3952
53820
60686
65980
440854
26090
89927
401067
23138
56256
22853
142680
93664
84162
22808
9774
80122
6694
84445
55076
22913
7026
353324
93035
84667
338339
347902
56927
84285
375444
27148
10170
118670
219833
8718
23173
129049
55139
90864
284565
11136
203522
2224
9397
3787
644994
441452
4640
84332
5257
79133
1374
57343
80206
51290
26088
79143
8839
2074
89796
55124
80148
2009
107987158
10188
113
409
1577
87
22839
85021
25890
419
9113
132864
55786
10999
57447
8816
2906
28969
1796
163131
10411
26664
118426
23024
345462
56937
10040
54680
11127
57563
3635
10921
116986
7738
57587
6566
162239
6929
6742
54838
653808
9120
8382
5470
53340
84503
55230
10288
7625
10915
389384
55093
7350
132989
53373
255252
22869
55345
64844
4041
54935
93517
4009
54820
55755
5564
9991
5720
222962
11065
5024
200728
89869
23576
79645
11262
54828
51294
285386
339559
26229
10858
10068
205251
5923
7307
84262
25909
66000
338599
29843
5523
339766
85301
65217
54762
83449
6002
153222
9499
80704
401474
118813
5298
51104
776
646424
55591
57537
11329
113246
64231
993
7726
11252
23228
9704
6580
2582
54985
80270
7884
255762
7020
339541
9678
91664
374877
81929
84955
2346
7739
57708
83998
120114
54776
10250
253430
27165
114827
6345
9673
2137
3156
23305
84287
2551
260334
158880
1804
7421
1607
81562
27013
353299
84570
56947
6741
8754
8187
85442
2213
115992
4092
51751
120
11146
57188
285368
1939
101927353
54461
26240
3796
25818
3978
3671
80342
57151
9215
150678
84152
23432
102723737
1641
9684
56967
53833
146429
4681
338596
284904
57211
390667
10307
9255
118611
53630
5553
9776
57658
9555
23178
1856
91584
4548
647310
149345
1997
5151
23483
7084
55660
1793
4298
92691
8934
1327
89778
2206
221143
92342
84083
6204
5629
51667
4833
5795
7478
10125
5099
79885
51071
2268
29994
51130
57674
22854
10197
3036
5915
440270
120227
9715
4524
4363
2965
5442
10225
93380
4947
57147
83714
23468
84265
5833
90874
9832
554251
22979
4891
94039
8460
9732
116068
2107
148362
57761
1495
81490
50632
286499
84938
9518
22806
51755
64788
121260
28992
84614
55916
57558
8607
4682
83881
4000
2591
22844
5339
54839
285641
9985
10602
240
23338
140700
51193
6342
128272
22995
90060
6305
135
6332
79071
5638
5150
57826
79595
51108
127943
5598
80816
390877
27309
11168
79611
84680
10212
389421
54963
124152
28985
3476
101929959
100996717
220929
79760
221468
6693
8884
253558
123036
3177
23001
101928677
253639
6843
51599
388333
8692
64395
8871
139322
79740
8233
102723859
79819
132
221336
26952
6520
23293
125893
284273
56983
79812
83889
7046
221188
83939
147841
10761
491
146310
4901
57699
148137
339448
220064
58525
8204
5794
367
9559
9153
541565
338321
1591
7111
1385
404093
23347
2324
286256
22997
4286
388524
92340
80739
283129
9447
729475
10742
8913
9863
7029
118491
54566
133619
10267
6579
135892
5781
946
8506
55851
10982
136227
1798
150946
55137
54103
54861
4637
51019
79027
112724
80254
127534
25871
100507027
51513
64743
246184
102723655
4604
9181
3371
2135
219793
203259
79739
79718
203859
51000
6498
28964
54212
64398
10870
7226
4803
3732
9258
22941
8708
79623
57583
1558
653464
57336
9640
642597
79883
55646
80235
84671
1103
57089
10443
4108
374868
54790
81846
10630
23524
2534
4544
100133251
2212
27163
283385
10171
51741
93594
23141
5101
27284
3728
55762
5153
1293
84798
4358
361
55026
643669
9364
57795
90523
2842
2700
8514
1236
117583
5277
55116
23637
5587
11155
26528
8625
7543
22898
2821
84448
5133
55765
285613
51114
221527
54952
3603
31
79707
100131827
5993
102723631
100132304
23381
83849
1447
8658
10036
29919
9069
9376
100316904
9688
9424
727
11130
57047
11278
55038
26211
3547
3705
488
285282
127253
3716
25987
9348
548596
79175
11212
23181
23636
57649
57592
150763
64210
64591
5832
6522
23255
23315
165631
116843
54465
340205
1761
4097
6487
79415
9671
8312
220002
114826
9068
83744
126969
6813
79574
57194
994
51132
80298
4077
728118
6817
388649
27229
64223
4705
85452
144363
57104
90167
253725
8520
100130370
2706
79370
80127
2232
10092
81578
343413
492
90736
284439
55504
9881
57406
2196
392636
79290
23471
2214
246329
285367
109
23099
2262
6514
9117
146723
254240
339324
166929
2176
139378
153770
57107
6868
202309
1786
63935
79660
284498
5279
10465
27153
4861
3742
54852
55752
158248
6123
5540
10783
388581
1613
1087
122416
3964
83439
10211
644100
10333
51230
201798
23218
64116
1993
91179
8027
23522
401994
10540
105369535
4520
54149
284521
5144
64285
322
3665
283537
57144
23647
122046
8396
105374811
7270
50804
220164
22882
109729126
83401
56898
51606
8303
1950
1749
1269
4897
374655
56926
23269
2939
258010
11022
5991
549
222389
5937
340481
6504
285973
84695
7741
374864
54621
440730
146227
79642
2675
390664
7186
1789
10612
9901
26037
220979
153643
146395
92597
8564
116441
2323
84457
54518
8774
26191
1995
9063
115196
653149
2491
4817
2175
3190
4780
257415
93627
79720
51377
9442
10585
55870
518
8630
199786
79898
23060
25927
200081
283933
55362
4751
728642
54456
7555
4867
2261
10352
81704
50808
201516
26146
389668
6547
22990
55614
84513
115426
10499
256764
79649
55501
147463
10461
1999
23358
256949
5610
113146
91703
10389
55633
4621
23284
387129
8895
55030
140628
374618
6809
6120
91750
124583
26225
80727
51754
9618
255061
10873
1133
3082
29085
220081
1852
80023
54556
55663
53834
23233
54998
587
83546
6718
55758
7442
23371
29966
140465
7431
79818
5358
25817
92667
5978
51307
10625
254042
79572
5599
84281
3038
10201
79177
8449
8916
9898
7485
1356
23551
25914
5552
57110
160760
23214
151525
22998
5947
5727
92745
729978
1630
9498
94101
84215
22981
10095
25822
4598
84867
27125
4149
8558
51246
3568
83999
64151
284613
7552
1310
5801
55311
50488
51297
130557
2802
5725
1036
25957
4842
1089
57232
5569
57093
6563
79776
55783
9742
140876
118663
64175
924
144568
79772
11097
10626
114799
9175
84245
641339
8728
83590
10787
50807
110354863
8411
22955
2567
84450
49854
3240
83468
256815
7161
1774
85458
23403
8835
8853
6505
2569
11075
81794
84749
8996
3569
55777
23762
23005
255220
1465
26578
338657
57536
6188
53917
8031
2841
27300
84656
642475
89781
3574
7518
7088
27235
955
8028
22862
5356
1760
126526
114836
130507
7869
401563
55068
23746
10018
90826
9687
9650
6942
27199
10658
10206
10473
6671
5593
55163
339229
57159
24150
51281
55906
51179
3567
23308
60558
51227
83937
388559
92370
90423
3480
54971
7297
54813
320
22897
5324
379
79161
122509
2911
889
1933
22987
53942
5926
55349
657
283232
122953
130916
728568
7040
29803
23111
200159
4217
26098
91687
29992
57546
126668
433
29800
122786
100507436
5520
100129969
10507
3824
3633
445347
6046
4602
8935
8859
3161
9202
6597
55966
55997
131890
124751
25989
6878
7673
5655
162514
3945
56269
347744
2846
203074
128025
3422
23446
7409
222236
5143
56776
63893
10914
5830
80012
205
22859
4999
8398
4005
403341
221458
10447
83606
102723553
2987
154075
105369591
222663
152940
5368
729230
79058
6880
10195
64841
259230
8741
80149
83990
141
23042
55023
388561
83638
441273
105376747
9081
23475
23363
6872
2669
155038
3749
79783
51008
23678
80143
1004
51304
92703
7336
55713
4799
219931
2890
9111
25912
400581
55100
201134
161502
3430
7576
4703
6360
56924
8632
2130
79091
58191
1387
245711
27065
22907
3455
5468
191
7096
83860
53343
140807
58487
2122
6208
5607
10452
11269
498
2241
8407
221443
9048
339168
1499
256309
83853
58498
149281
2653
134285
9388
80267
5305
9
3785
25942
399947
1654
132243
25962
105375938
81493
283130
284467
254428
387836
51195
122258
7709
10008
9474
5500
4690
50509
780
3631
57596
81844
57115
375189
5551
80821
256979
92359
2786
90410
153020
10664
28989
5141
2922
56479
7818
79092
23053
7919
389073
3033
7145
7430
79858
64866
55317
57415
9166
8942
255394
345557
4831
11151
64784
23180
79625
79890
10955
389197
54995
3717
146439
9824
2281
139411
158471
80173
81856
55677
132884
9421
55201
51088
64708
11091
9643
8881
95681
23660
8395
8314
121274
60625
147923
128414
645369
79616
202018
55064
283629
6375
57282
2829
922
90522
22834
1088
79794
81607
369
11126
51582
85474
115330
81618
144608
60482
23768
51507
55636
55740
92715
50515
79875
114883
158431
200186
283298
5900
344787
221078
57463
81611
149233
29781
5501
127495
222171
9470
10409
284001
27000
23564
995
10594
10768
27129
4086
50856
374470
23527
148753
27330
6334
4528
9139
1813
5210
10659
22821
119559
6871
1267
8833
3753
3767
767
114926
55350
102723360
55823
93034
221002
2625
6690
101060200
389549
2139
55620
8864
25972
54956
5331
29995
930
202243
7466
5095
6196
57663
2210
8837
29765
10402
283899
84914
10428
54756
8796
9735
91624
4781
4204
400916
155051
123872
148223
79752
57684
9399
6185
23601
54857
23362
10785
8170
79944
23176
5495
51398
2257
100288695
159195
29943
100996763
84915
81545
1008
2202
126075
338382
10020
102724398
3416
441525
7365
79792
23232
84439
259282
256643
79800
23126
10237
105373347
105378696
56181
57704
1827
53335
89884
27122
159989
387
376267
55624
5566
102724957
9114
23556
50613
102724985
8647
55858
257044
1655
1487
414152
63925
27101
3595
66035
388630
4357
2525
9506
55770
222642
116372
221806
164668
255967
100506658
84688
1301
81399
102724127
5015
140461
23211
57519
79719
317719
5910
7402
375323
407738
3913
399474
90196
135886
8013
10202
773
9971
23086
8638
4033
26266
2686
9462
140766
121355
7569
222
4299
1196
166348
22999
55146
9362
146167
220441
60386
10397
51259
1727
84561
147798
27039
7535
53840
388512
84057
145773
2100
23677
3320
245913
54908
84787
2550
142678
10193
151790
10243
112937
253769
60684
63876
11342
9057
56957
9743
143570
51752
57172
3643
23626
11093
6620
27033
55110
26750
2730
9727
112939
57556
2983
4622
10073
131375
246269
94097
132660
7592
706
79717
2636
2937
29091
9331
145957
3996
10451
162655
83930
10942
8685
57466
313
84940
84058
6850
125476
25807
641
494513
84924
54619
26001
7474
54826
11055
7288
22873
728403
9568
9576
115584
79176
5580
56971
101060389
25898
57622
220972
10321
55154
7173
22849
79400
112744
6789
5651
84937
85007
646486
818
23328
8609
23167
23396
57161
8887
94120
22891
51029
5152
9777
4345
27086
55729
6472
170394
124093
284254
9886
221322
23770
10007
9167
7499
414918
121643
56981
9373
89832
923
2067
55727
9883
55031
10758
7536
728464
84460
54856
6810
105378260
26
23589
4194
3131
91283
138255
9465
26074
3232
340706
1022
5172
163255
55214
6323
9400
7425
282973
2828
50945
150383
117
150962
22838
64748
55365
3339
148254
10231
51399
100141515
56062
56180
26115
339366
64976
6901
55125
8424
84661
54520
10804
2173
27247
104
117178
124401
6019
147837
842
1292
140609
4356
8999
8896
4326
390940
53635
9823
3987
26224
10863
55255
128178
144453
64802
81566
10517
63826
84807
23759
22868
3437
10425
2326
5376
84259
136332
112398
8534
1767
79710
84909
10236
115701
355
253012
57223
440068
25896
2488
54531
57820
79841
26275
79788
93323
23033
4909
84059
2793
729767
55080
7762
124935
6678
10296
2788
116535
85443
152404
10148
7138
6749
54943
54438
2949
1788
115273
729747
10992
64718
1005
199
10308
163486
115817
1794
126129
2870
51545
55816
23590
145942
1326
7086
28976
84864
102724197
58500
117154
57718
151246
11152
81031
9578
26054
65065
22906
1113
60481
122704
10227
2222
26287
10280
541578
219899
9191
51650
23254
116984
441425
5858
64066
65250
57572
441155
266675
100533178
54583
80324
8242
79876
51673
1211
83733
64147
472
1501
10818
57337
7539
4978
64420
57187
208
219995
126321
136991
3930
136
55869
90381
79630
51776
5567
7568
23019
4094
160762
2054
64858
5080
9150
4793
390748
7481
5460
4669
283417
140706
79990
137868
27159
124045
64419
221692
23240
4163
284434
55680
23327
6910
10772
729852
56245
55016
23028
9184
8091
23683
92906
51435
11228
25847
63970
9538
388125
51571
388272
124930
51428
22856
9389
54932
79712
7224
2771
84148
54878
4329
91300
10475
131540
83787
84722
257397
284759
159371
81839
222484
9737
79025
57048
84957
284058
51501
5357
5933
196294
56674
8840
51310
5293
256356
4257
4112
1414
7136
63897
5799
4212
150280
23120
23286
9923
118471
79869
729
197320
55198
1047
221786
221472
6364
2568
6445
7106
11118
154796
8910
218
9938
10479
22908
23287
26121
84976
135932
572
84101
253738
56262
10752
10260
163227
81
124565
84144
283638
51479
90362
23114
56916
23193
2055
54585
170622
148823
55346
146206
100190949
1302
59339
58488
23646
79922
79033
25777
1160
54896
84707
5130
127124
7918
11173
1540
25824
90050
51315
115548
4938
51738
55832
51365
11322
3481
157695
80818
643414
441549
166979
105374301
51526
146556
83697
54811
6883
23399
23288
27006
7477
114991
25961
7049
7484
56834
149708
156
206358
55213
146894
23041
4062
90865
7549
5669
5608
79747
84312
6446
7942
89874
101928095
50863
9379
55511
11184
6262
9815
80331
10735
43
151903
130355
55041
55197
54953
6092
114984
219537
143425
9628
8785
107984751
284358
5228
10445
23163
4591
90485
97
2524
10331
51035
9908
65062
913
54058
399671
64375
389336
79019
1850
55291
4782
150696
56965
9159
3208
7768
4839
84779
10580
9830
55258
55654
3164
7162
5291
654231
57462
148738
1739
342372
23022
6452
6757
84897
84314
162962
57379
29965
3241
3920
54470
54858
1235
83892
150726
57446
100505573
201254
5451
8036
1725
93349
79838
54853
54816
9321
10924
2891
83596
10518
1130
2701
5315
113278
29123
83594
4773
2996
91574
4900
310
220042
392509
57589
4084
79174
9129
399979
9205
100132565
6477
11282
55716
79825
9812
10458
644186
80757
135112
78996
5345
892
130574
57666
8405
6668
340542
27253
2897
9747
55914
9352
55297
100288797
83844
9670
1432
51693
55700
145407
11027
6938
375748
5148
64417
7746
55239
148229
8509
353355
27343
339487
1438
9619
145389
9053
9557
84305
115201
23373
285676
9475
56675
84725
285761
55328
1982
10631
7786
51111
54674
84913
5467
27299
51654
54059
389170
4862
22901
10208
114801
7038
285521
375033
653583
2002
120146
10492
2840
11030
9990
63941
30061
10551
79722
196740
83259
2623
5586
2867
7508
57559
51809
8099
170384
5950
55035
22978
957
79796
153396
283948
55629
5826
65979
51
197
117245
722
338872
54989
8318
124739
7776
57449
101060211
3772
10109
6285
10045
27018
83417
84307
284417
84944
4350
58475
1528
60484
9631
168090
2348
57659
1445
145264
7678
50626
953
1412
9551
10350
10474
23533
9501
29895
284739
966
9526
23322
286
405
88455
56990
284349
26525
57701
389075
120406
8531
2305
10656
1543
79172
200150
245932
116115
149111
55627
163589
2615
963
80216
949
85455
114793
5981
7140
5217
10634
55780
444
55359
3780
3312
27151
10160
65975
113178
340596
57209
28999
158234
4774
169841
252983
5787
2560
55734
25903
445
54903
10988
4173
3925
54454
2182
3516
63922
123264
55722
9122
51760
84630
90594
128853
8821
11190
339122
29893
8842
5137
222696
81796
23505
10906
23196
5051
23479
23603
84524
219
129080
6302
285315
201456
23291
79173
8645
122809
389677
10168
9956
29087
2044
2014
9861
2710
55572
3696
285598
80224
9694
4983
2035
81539
128710
238
9844
4190
4869
9158
51473
414060
84866
245934
27241
56848
122664
158835
441670
79157
56888
79974
54880
714
200894
51426
8021
5757
117854
51633
387640
79631
90102
79670
51747
115752
56997
30815
154865
6586
23154
57497
56946
7097
6448
134429
374786
81576
64799
5784
158401
10053
4644
6382
6138
1819
8481
26278
54436
2280
1638
100131608
23274
9537
126282
128637
6701
10438
5283
10059
55970
11154
81614
55165
9227
55074
85403
199720
57570
2887
149986
3431
28982
54443
4987
4943
51002
144717
6875
80070
9125
23548
4775
64089
55199
23769
283431
3638
80333
51642
64760
5526
5700
27154
64895
6744
26164
51326
55902
55107
151194
4192
51009
80005
285148
51389
23253
205717
10246
54886
3188
25917
130576
152687
54849
146850
3274
29947
51319
84824
10849
5176
144100
10940
6711
542767
146198
84293
10380
1353
7253
4300
84885
6775
55871
11052
7855
23760
8776
4620
343450
51102
286151
4957
647589
55974
57217
3485
149465
29887
93621
23648
79695
57467
4745
26286
26502
2622
23650
9993
669
83953
84529
23526
27037
3167
147650
586
5058
56907
8454
440
9001
199870
54866
348
119392
4858
150590
5081
145497
22836
114900
219333
23172
29926
221662
9786
26261
22846
57091
54464
6161
1143
653082
343990
126859
8832
129831
397
125206
219736
11243
6733
8622
64779
2543
66004
6873
2047
412
3283
6530
7404
7109
145508
79977
64506
8195
8079
11245
54521
2650
54165
100131211
1135
30011
64773
54536
53358
55112
57459
375759
10179
101929926
8787
79727
145376
4784
1137
23536
6294
2267
10395
79699
196446
4317
29102
9256
79074
7975
113802
145748
113251
25843
83660
10133
10144
219738
340273
124404
167153
643008
57228
1946
11063
51744
143941
1370
1453
348378
63924
10501
3606
2184
64427
56934
6728
79741
150165
79590
948
56853
64839
9913
1062
114791
55617
83448
84668
9037
8703
200424
337867
339145
9957
64800
728689
390637
2966
57821
149466
9745
114932
255374
2879
9905
128954
64771
2869
116988
7922
2099
7296
5575
3745
29886
50651
246330
55301
7087
4820
10003
10317
4677
65243
79784
3679
58155
64087
6441
55676
25902
105372412
100996842
26152
341
151393
90427
10396
125988
5160
220965
7398
7675
6293
1649
54514
144811
90141
784
5168
9472
23314
54476
23077
7264
8566
80313
10049
9833
1981
9899
3560
399948
100130301
654346
400668
10130
54329
6128
30820
57695
9639
102724951
92270
4673
11273
645961
11177
2286
29068
401720
253832
10717
84275
59284
6688
10903
199223
9262
10178
85379
27124
29798
51247
2886
84545
10745
3563
326625
79993
2177
10782
11145
8120
84254
57541
57348
7745
135250
288
383
3292
6209
3460
84639
6616
153571
388960
2677
5199
284114
116328
23405
677
79960
23415
1977
23654
441282
55848
93973
54836
92856
5884
744
23142
200403
57143
3181
112616
4101
51375
112
8715
166785
11156
256435
51098
1287
11315
1889
126432
27034
27342
151648
26608
5717
4111
25884
3910
129787
375484
6133
118461
493869
7092
22798
23350
6383
8877
6449
196792
3554
4952
58486
79443
9805
5023
84231
152992
2895
64857
5828
147945
55567
64063
2741
4008
131831
132158
1295
283229
57608
50855
80381
6440
23635
54431
107986554
10611
641649
4145
83698
8649
56977
646
400258
93109
2117
23349
9825
8392
84952
6777
10723
5354
51338
51057
7589
201299
58484
9542
131096
84640
83716
9370
81624
613212
1294
6840
283987
7434
26049
51564
3321
84186
5866
1902
8085
6150
80312
64753
169792
23133
55206
89790
131076
54552
79003
100287896
92086
64855
107985556
448834
277
58506
64699
64860
388507
23619
91133
196264
442038
121642
25828
2926
6536
2
6609
11107
105377792
128346
54977
23507
6707
27352
3845
619373
5033
57644
1911
101928764
164118
10732
94025
7164
79839
357
64376
11147
4361
1271
3841
832
6867
114781
28970
8760
5239
3170
4988
100885848
51022
54981
29952
4294
7456
6894
6474
93474
5027
23132
317649
10084
80032
23139
5573
23554
6553
780776
51422
84318
91862
84698
5443
339416
54507
6203
10444
5173
2976
10522
25915
374955
284021
29117
374403
3835
8936
2737
3758
221937
342527
284067
84060
9372
9686
6336
192111
59344
80705
26012
53827
83540
9589
54704
146059
54535
390927
55690
50853
80745
9254
10811
7562
84804
84969
124817
9134
225
152002
120892
22909
80021
55132
57540
64793
344148
80174
130013
84288
29127
2707
10713
8533
84304
318
200014
5998
341346
4863
54925
9343
102157402
6017
467
134553
5087
101928527
8644
201191
5267
90525
51527
23370
1355
203
55273
79884
84327
25921
79807
284996
10579
51761
6455
6050
6667
55619
29959
100507341
2736
7143
199920
22989
145814
6787
54906
53405
10902
8513
286436
9194
5048
54996
593
51773
148534
57451
126208
84627
4798
5498
9369
90161
80205
64393
83636
126364
57478
51366
56970
56259
7373
55687
23613
130749
257101
10446
1612
55862
5522
11012
1192
92344
89845
5097
10335
831
161176
817
7511
87178
9787
131566
57489
6482
81554
55118
2132
6861
55089
161823
10216
1446
8940
79048
26762
57561
6915
578
127343
9180
55196
84893
84812
8417
5322
100506650
80233
23029
1003
53832
85439
64405
55339
79066
9811
85377
84292
3295
285141
375248
5243
55655
4898
23553
2523
196074
56941
51027
5571
147872
91683
8624
1836
26740
64220
252884
158038
3619
10351
152485
54206
4359
339
56975
1419
8148
9904
84708
6470
119710
8639
998
220416
27231
6629
2051
10390
55300
388364
10509
54976
116987
729830
55800
10472
79774
10867
274
4925
342933
115024
51592
55578
55709
150771
84765
399697
3890
54466
1460
57502
23247
64943
51292
26267
6911
55753
9816
57186
84188
6646
7172
219771
29940
90809
375307
389766
132321
64241
54210
5778
85440
79637
146779
6760
10749
1627
54825
441521
9627
165055
11044
55632
50618
10842
51763
3159
122945
26539
84932
84871
91304
5970
2542
6767
4976
5364
27236
10806
25904
10205
5316
9717
10150
6921
5782
203062
199221
9871
55268
2038
285220
56912
55233
283578
4313
6709
8778
200895
4829
9128
4649
4026
84775
11104
150368
107983981
27106
7991
2530
3382
8848
3028
79955
140612
221395
84690
7260
133690
224
139735
3417
114880
51160
11059
10014
51548
1959
5597
79723
126006
6361
3662
84187
3838
799
130617
54763
23082
114824
60680
2914
29894
79042
7169
7139
26276
10691
5745
54957
100129654
10426
1820
80131
9486
22829
8111
23764
340654
11338
25970
729665
23623
2103
1960
121665
26259
59341
2896
8507
79036
64098
285679
23187
6540
57573
283316
8618
23439
84879
65055
6622
90293
162972
23122
7223
8646
29989
2203
8676
5211
57520
79140
6943
56006
22996
113675
631
10861
27439
6457
50636
10869
5901
81894
8986
6904
10000
5021
80774
6491
2760
11275
65117
2356
399687
286053
7994
51555
221981
9221
139793
254439
79142
65123
100506013
487
23048
683
54980
84631
55269
79609
2016
158427
347344
390072
51324
11021
1440
388335
171019
5988
54331
80004
56948
2745
401494
476
5349
3145
80895
204474
169166
112942
54805
25975
729355
27111
4152
26289
116
167838
23539
26166
389072
51267
9633
59277
51207
26119
149628
9701
3376
23352
8404
79148
90313
2844
80022
345930
51434
1207
221481
51531
374887
23166
1876
84295
64848
79677
5775
23761
347442
84335
2274
2146
1368
26227
27074
9318
57498
7580
26260
84934
2258
147991
347735
1139
8440
23670
5687
51123
23295
166378
55174
90576
114625
26009
83637
23410
124975
84678
28959
84861
9960
6706
4778
8260
4010
9581
147719
51780
55890
23499
55188
90121
285423
9427
11186
27109
27128
9045
126382
10215
102724788
4140
9088
54970
1759
138199
51094
23080
79891
10943
54851
64577
5754
10941
6780
55152
162963
84171
84665
2555
6309
643236
54899
276
80351
2952
9761
127733
29125
115123
163175
80129
6619
9203
10082
253782
84920
646603
1910
134
79933
9731
5476
7100
10979
55814
117531
283149
55005
3050
64645
1742
65010
987
163590
342945
9211
55147
10477
84966
7458
330
550631
3983
2972
9209
51517
100529257
27152
55182
285556
9507
54830
140456
2940
158067
170627
64101
353116
27010
152586
79823
202151
26015
55768
145581
285753
112609
80255
8208
22828
10667
5264
7851
203569
2705
1687
83657
3140
6925
25865
7422
10643
7752
3218
80274
54922
219854
931
11123
22916
6833
27179
38
185
29072
53349
158297
10665
219970
54462
81847
91355
51250
54940
22902
100996331
8573
22871
6654
10164
55304
727684
5244
203068
8490
55743
125875
84978
257144
9625
130120
55343
9563
4686
6261
22807
5797
152503
114879
816
57162
5521
2027
203260
777
401115
80380
116969
55799
64764
51185
27173
10726
8220
9692
1956
6660
57092
54962
87769
64579
115286
9531
728537
83756
115795
26233
9278
9169
50674
3684
1187
80758
8287
1075
6991
965
388633
203238
3993
1489
51692
23491
124056
55860
80975
79158
6418
8328
9757
7867
93081
55764
745
23544
5201
102724560
162968
91351
2626
90693
1401
139818
60491
400746
151473
335
100131897
91663
222950
10587
7637
79641
25930
54831
342667
57591
79016
1272
132625
11176
645432
1780
84216
9392
2825
207
171482
4151
989
23038
10114
23457
18
51058
80856
80157
6197
5250
55287
140458
109703458
6844
284217
4968
26005
55
29110
103910
100288966
837
79917
79696
473
51006
256957
5733
26205
57393
164045
151056
10052
30834
114771
3146
51028
55084
2893
1404
2629
120400
285600
3795
126306
283234
10877
5985
8228
23198
377
7060
1690
22930
84296
2235
57018
27180
158399
55095
6322
54460
115811
3508
4883
9353
4935
219402
84647
23585
107985692
27145
11124
114134
1456
9108
5606
81615
814
1894
9772
6815
22974
57509
6295
23316
55502
54914
8200
59350
84315
5729
401565
143872
26998
4153
138716
9527
84619
149428
7341
9649
551
80321
7753
7067
864
4802
440335
90321
81691
23281
10138
79728
10755
5621
57605
374900
6570
163747
222008
57038
6430
51397
55171
55706
5330
119391
388389
10061
6677
23624
54941
10146
9666
8801
2648
10010
8945
114987
1117
5602
4929
140467
161931
5802
836
160335
29945
10923
79007
84691
653269
5511
51561
6450
3434
7082
79744
5618
54891
83877
124925
284958
65983
400499
127396
4664
10244
64963
150209
9779
1524
408187
84191
147710
2803
55159
9534
4245
27020
123775
64324
123096
151126
607
80262
4948
59307
951
974
10329
285025
2857
27429
55616
8301
389161
9481
153768
26273
8471
55824
7408
256364
64599
8115
3761
6506
7582
245806
399473
23213
26053
84253
80000
27040
26084
120376
89848
9031
57619
54532
3486
84502
6710
54511
2048
440822
23152
1998
4088
441054
374407
1111
22936
105373251
137392
10721
84620
90459
27333
26086
80343
1345
5290
143187
4113
284129
25791
121601
94027
92960
340385
57180
29888
100130890
23604
83758
4688
83692
401399
7324
23215
200172
10864
161835
63916
9156
83734
22920
149420
11170
2982
57142
26020
9700
5909
3419
148156
9524
23542
285267
10938
6941
79811
8239
11238
346157
92689
10468
28996
2358
7378
958
3420
9022
3834
10
27071
594
284546
2140
203228
80221
5742
643911
5744
79679
131368
84950
10072
84669
11096
1781
5995
290
6525
9319
1515
3329
221393
168850
51016
220001
54510
283807
1015
8915
60492
153562
642799
168451
27336
150684
50628
140576
89953
9840
3628
51660
6433
8473
55830
347862
3096
84125
57628
285955
54529
138065
54477
10693
5325
57409
3899
11335
134265
11201
25966
90273
10947
4058
23151
10235
55796
254013
26018
5829
55280
6003
5962
54065
84466
25988
282969
10232
651746
375519
7360
2181
55179
79953
7743
7639
10622
84498
6236
203447
1300
8682
80851
6004
28978
9962
63898
7541
9025
9290
331
57214
4783
642819
2158
943
25936
6919
731
55650
57624
261729
23498
147323
956
1395
6369
170371
80034
93233
164656
6635
25923
8544
84167
729264
91522
11108
23369
11060
9739
7325
401612
1666
1471
144715
9413
795
84303
55631
5524
56244
25778
2905
91662
84417
5063
79171
79899
64097
55900
9252
728395
4301
9958
2590
3338
6692
6920
91050
80222
1032
124773
9663
730005
167555
5002
2195
114034
137362
150297
343099
144448
7862
283726
9751
11188
221477
28991
653781
78995
6370
160287
59286
3075
64377
1663
84002
347734
404220
9282
6863
10015
5256
51538
55357
158326
55669
10184
51066
658
25900
1736
10788
441024
79183
64777
93587
100506564
4295
26228
7551
166
26984
710
55969
256130
79018
51082
197135
256369
23731
55811
160622
1831
84334
84456
55135
81790
6304
253943
84230
401089
94134
5976
100506736
51276
9919
131408
140738
9033
4850
50650
100329135
285596
89944
8751
642636
84951
80017
352954
153579
84987
6503
196403
55177
6386
5786
166863
3269
55296
84077
9244
4593
112694756
79096
26231
4311
643382
3234
6623
3768
124446
9712
57402
102724594
7781
80832
5129
23461
28981
7760
132946
57117
84790
2668
140730
9295
64901
728858
3980
57678
51099
51475
92017
152098
10718
22827
1802
58513
90075
84929
10641
8634
101928436
103
8653
25827
5310
51266
23478
9695
79618
93
79849
9457
23382
78991
116113
637
9855
23265
92714
100129480
23404
25925
124936
92002
339512
59338
121512
6509
138639
64834
8897
347736
8890
90843
4440
51393
6427
56342
221391
255798
153090
136263
54497
990
162966
63982
3601
132949
5245
5125
23259
140711
9765
3976
146177
255324
4103
343172
388789
55246
2475
4123
81892
2661
107984104
81926
374920
196383
392
92749
152877
2013
6139
51343
148268
84066
340527
4495
92400
8550
344658
388567
57677
140739
29911
400891
9722
100528062
388419
7464
25980
29761
440345
163782
168391
571
2309
7644
11178
8813
9034
80778
128826
9942
25852
8815
3990
26122
23313
642968
6284
85352
283971
26206
10407
728833
26031
283635
84923
353088
23500
23137
2746
4666
259283
140462
7766
57823
51125
1991
54545
51316
200734
129807
9798
55342
8851
23118
23054
80185
115362
199857
55119
80031
115111
6758
80063
93273
55656
84947
1234
6601
199704
255631
3185
4134
79830
150082
94240
29057
5737
117194
7597
84720
1728
10642
6279
4331
10807
7091
5218
140836
79837
859
6534
10047
448835
101927506
83592
54897
3708
3570
8883
149478
4902
57544
115703
57604
9909
1656
22992
58497
205564
3148
203054
22809
8650
2784
54469
682
3594
51409
54587
9843
54872
7498
9231
7763
80210
65993
1830
4835
645121
338773
84236
10459
2651
5596
8537
4998
1241
29015
85413
56895
145270
255758
3475
57480
126308
7181
9208
1305
51068
51222
55423
7323
392617
2492
522
51333
2585
56896
7216
64137
26504
23387
7462
125058
10382
339965
47
344807
55715
5929
2635
84102
411
7171
2782
85450
160492
5465
23032
728137
54433
57109
2194
10856
4521
1580
51585
10620
9429
3981
163081
4725
646174
57222
23514
9455
219557
23607
9726
286410
8869
2204
90527
27347
84874
51340
143279
83795
90488
1644
55695
84964
26033
643802
9469
201973
149840
9710
59271
55209
22924
57097
84133
51733
4210
9104
338692
153830
94103
55012
55657
10094
317703
51368
6535
28968
51406
27190
387755
55002
147694
7553
2037
127281
55692
254272
55088
29114
440519
83852
80204
8672
54537
90507
3068
5696
64979
55892
57568
23113
2066
23108
29899
6776
388931
23221
107983998
925
81030
79908
348751
55363
27248
11141
60626
8545
56704
27440
126231
23786
57636
60487
2954
7043
285231
90853
6729
56254
4335
9112
192669
79895
7052
128239
9925
285966
7027
55827
83854
65268
7727
25833
151313
65009
10553
51816
7292
374986
256714
79973
348654
55805
342035
11279
146325
54622
80347
3790
51530
440087
91614
5873
2314
25801
26354
254173
54540
60560
1716
5414
9657
53838
63892
813
10165
196051
6391
249
3479
114881
23039
127254
50809
9781
138311
129530
9963
102724843
56904
200634
83871
57494
8777
151827
10450
3660
56849
219285
65982
220082
79675
55634
23558
100101467
1024
2638
58512
9238
5128
55778
64682
57578
11073
85459
2779
286148
26268
6045
114795
84436
6541
116039
51162
164091
6038
27202
59352
388284
26064
84447
9289
124044
119548
57157
116173
79149
8379
162989
862
146057
64924
142686
659
85004
150468
84501
26147
349136
3988
54478
3596
5295
153129
55683
387119
3757
144165
9762
84340
56938
372
6276
84224
79948
56341
22890
84260
57128
285016
55888
5066
90957
123803
254251
8189
4176
54892
91653
4155
7798
8100
64582
6414
1525
5253
54843
350383
23277
79673
63827
51115
4752
59348
284
5360
9532
100289561
8809
10525
23639
170691
79877
11258
283219
169981
200844
92922
63976
3344
55282
7716
79442
339479
27243
9655
3055
220047
2944
59
83693
166968
9098
5601
339327
83446
59084
9187
54557
115761
126626
120224
155368
11276
434
83931
90871
280664
84033
84945
8635
55954
9569
729993
6307
58495
7694
23064
550643
10566
89978
118812
53981
80010
5899
202559
2674
643641
79816
51631
8690
102724101
51075
116154
51072
9719
1634
3755
85019
3669
11182
53616
83988
221301
85444
23303
80155
51805
10089
80196
6239
256158
8399
114897
645027
51626
81696
64067
78986
120103
23383
80737
1523
54854
170626
132299
11025
11086
5260
9050
10149
2138
5724
285172
64864
9940
221927
4646
119587
6559
81557
55576
1503
2170
23774
344387
24146
400745
283576
257160
285550
25984
1073
347169
1837
9148
6331
10113
127435
101929726
5226
64359
4435
11267
63895
4973
51321
6508
8560
6051
91252
90665
57711
137970
24145
283375
7266
165530
54822
8237
51134
64744
56681
245973
2128
9641
64778
527
5092
4921
6006
8317
89858
146713
4232
4735
5872
9721
102723502
159686
287
490
5275
51427
65267
10312
93643
29883
1266
5747
56157
401466
266740
765
1104
118427
6769
5422
6812
9910
3991
152100
9315
4205
283489
51458
4619
9317
64783
55167
89876
388289
347730
79668
283237
10076
9759
1129
160298
285527
6557
4625
80824
54923
1527
2275
10297
253190
23094
6098
497661
7314
342865
100533183
3762
53632
152330
154214
26007
79879
170692
54819
4208
81573
10346
54675
196483
147968
5634
152815
57169
114783
53347
84617
282974
6628
7702
26094
92154
344901
63940
341350
56257
112611
22954
154043
474343
387837
100526771
23131
4946
84808
55057
147741
6326
9672
136306
339669
137994
22796
27327
93436
10363
7182
7411
83992
56886
5865
55843
6258
23411
28227
23583
7771
26149
150472
23348
5800
51105
432355
6832
55334
1400
53346
26659
5905
9145
729920
100133941
23633
9308
55691
80199
9997
286097
34
100289187
114821
53336
875
3221
6672
79871
50615
57216
9519
148867
79897
83549
64091
55454
7764
79980
55714
6497
27032
60312
201562
9560
80854
57602
5579
339804
246175
3611
81553
91754
29124
55968
8065
463
55193
266727
10336
414328
149076
80095
90134
6598
171017
130367
101929578
84679
23149
6338
1441
51684
84930
55324
388588
3836
90019
201931
7390
4880
10137
1992
11037
59269
23481
11237
51703
800
23492
2317
9583
148479
79893
1175
22933
80115
134526
976
89849
5935
27293
6932
80345
5329
22876
440077
66005
58472
221935
3683
54847
388569
2313
260293
441168
131873
166824
7593
768211
81832
6836
197358
84681
389852
127833
5252
10568
79057
5348
389903
9267
79685
643311
4240
3141
80212
64319
8600
26277
654790
78989
55929
79714
80823
226
6233
10019
142685
1953
1646
9941
149297
57716
158358
201229
404672
5672
55593
10668
3652
147
90355
51265
66002
64282
6895
347688
166614
7180
117581
3773
509
375775
399
6602
4012
282890
80152
65003
7123
342184
117177
23464
64897
7621
161142
6772
57669
5583
8190
54812
135138
26256
402381
