5620
23142
200403
84938
56913
22806
9436
50507
54796
64788
83715
28992
84614
8715
54879
11156
256435
321
5339
200576
84284
1287
1889
27034
9487
85445
401505
140700
6342
728763
79829
375484
100131187
22798
1198
4952
127943
5598
80816
283571
4193
1657
8541
10922
51765
54963
23366
6717
2580
55857
3077
4008
92283
5990
55744
283229
4179
54875
221468
353322
9914
64225
7337
9162
55573
6764
79674
10611
3177
23001
1807
6843
26959
83698
431707
84364
118429
56977
56159
54840
23632
79903
79740
2873
8233
100287171
91120
116840
93109
23349
222256
132
120863
159091
91746
90139
10723
51057
201299
9542
147841
4901
3248
221079
11064
84443
51062
26130
3134
6840
7434
51564
5794
55812
2104
57554
653067
84186
8725
1604
57476
5803
825
9212
1385
8085
4795
64753
401145
286256
285489
23469
92340
131076
9885
23162
80739
79867
8620
8913
9863
151242
7029
118491
58506
7311
160
10347
91133
946
51205
962
111
10533
642987
6536
7813
961
11107
27334
128346
54977
27352
136227
25979
85461
388553
7074
92292
57644
11043
79828
222234
98
1240
54103
101928764
728113
9271
94025
7164
27291
79839
51019
11147
80254
2335
25830
100130771
65061
55924
51513
832
6867
27443
54516
116461
4604
153328
204962
9266
28970
567
9181
2135
63946
4988
80169
340895
79258
29121
219793
8808
29952
23007
30813
8394
364
85464
203859
28964
116931
163702
57569
10084
9758
23049
23139
79623
1870
84698
91012
6400
23256
285175
57120
667
93100
143903
10898
59349
6396
144097
10443
253959
374868
5229
89777
51535
25875
22980
23317
8874
3693
84060
387103
9686
10198
2212
27163
26012
10886
8567
57696
284110
51233
5101
162282
115352
27284
9254
653489
5153
4358
7562
3704
23143
6576
90523
8891
7594
2889
131965
127731
1236
117583
8997
80021
55132
140890
9810
5587
80174
130013
84288
11155
51491
57482
55738
22898
8533
10290
84448
157567
285613
57662
84304
5998
6419
29115
114088
654463
148811
31
100131827
6017
133584
5087
374860
23334
51329
51164
25861
10036
90525
91833
127018
23370
3897
2549
285755
10457
51059
27077
79621
26010
6500
80013
9424
9564
284996
11189
10579
387597
10427
10316
55007
11278
253461
6667
84286
3547
55619
53904
80725
6829
29959
7388
54039
196951
128387
5308
84632
199920
139716
1838
9348
23025
54906
80315
834
23150
8513
79663
401124
8499
22852
324
55819
26974
23181
51199
57649
57592
83543
57451
150763
60437
1908
28971
3661
50859
10998
5498
9369
7629
4798
23255
80205
23315
51192
10801
55687
1761
6487
220002
23613
56943
257101
126969
8631
55069
55862
11012
51107
26509
54542
843
89845
10154
10335
83478
64223
8425
8863
831
161176
817
7511
4337
64081
9787
11006
4233
64446
4045
64900
253725
100130370
6397
196500
57489
157697
79370
80127
1609
81578
51586
55681
2132
343413
204851
51013
90736
6861
9806
79634
9881
55504
161823
9866
4720
1446
5510
23451
79048
64109
6421
113451
2918
109
7993
204
84675
79868
84100
8786
27185
6462
2176
84812
23043
55337
5322
6819
56154
6935
85439
8522
55339
134728
5783
30001
79083
146691
8500
54852
101059938
64127
112752
158248
55803
390443
4914
81853
2322
23205
84750
4651
151258
147872
10211
23394
346606
6738
5831
1993
8027
5902
10540
23312
252884
55621
23224
6134
147138
5144
114792
9060
322
3619
152485
10077
283537
5519
55217
80011
8844
83891
285331
11122
65258
6095
116987
5431
162333
1950
10472
79774
152078
1785
274
4925
4897
7804
25834
115024
64786
123355
5170
55578
55709
5991
123811
257218
150771
549
56889
7410
6845
155061
6821
64240
55756
23247
5321
8527
57186
79642
6646
7850
54808
9901
5590
5763
146395
132321
8905
2350
54210
5778
102724877
85440
2323
26191
345778
9063
10075
91452
55718
9627
165055
166336
259197
55632
6007
84166
50618
54834
2175
440533
558
125931
257415
2001
55653
9693
84871
23136
79720
26468
4154
996
5970
51377
55351
89853
84190
9448
196528
65220
10806
199786
5395
55362
4751
10150
9605
199221
256646
8912
10352
2038
55268
285220
778
51312
53407
8906
6714
6709
6547
55614
84513
1413
9788
84904
7392
147463
101930307
728734
23263
22866
91703
26136
64344
1677
79955
221656
133690
23284
55030
114880
374618
51160
10014
2762
6120
84525
133522
53
10367
84187
23543
286183
51754
7021
23082
22878
23125
79042
8669
29085
7692
7139
26276
22931
9681
80023
6000
79906
9459
58508
23233
284723
90634
3842
338699
340654
23552
113130
83546
100506012
2103
431705
55758
26259
285679
222223
23187
26052
5922
151613
80195
8618
92667
7351
7168
10645
65055
90293
162972
23122
51307
23271
10201
353091
5211
8916
84173
9898
92399
55707
1173
8419
7485
11313
55108
5871
22996
22883
55863
9064
10514
653437
388969
6457
50636
151525
10869
731220
5110
5537
81552
23339
9611
5901
22998
81894
8986
6904
10000
92745
1630
84215
55288
8673
84867
9784
399687
286053
8558
51555
4149
5660
284161
138428
59067
64927
3568
10001
57657
79582
284613
728229
1310
117155
23048
50488
25855
55269
25957
170961
11074
1089
7913
140876
10085
26272
80194
9892
388335
54331
64175
79772
51429
3145
10787
23243
50807
22955
169166
26123
55761
2528
4152
2813
8780
8835
4916
54946
26289
6505
8853
23140
26166
26036
2938
11075
84749
144535
100507527
115290
255220
23005
54927
26578
140545
9047
196996
57536
51207
6546
148423
26119
2872
9058
64840
57828
402569
2330
9016
64769
3581
27300
84656
200010
23352
5134
57584
642475
89781
51520
3574
80304
79148
401207
7088
80022
54558
955
728239
8028
56243
22862
26298
23166
1760
1876
148
729440
126526
114836
93611
8654
1182
9462
112574
130507
5775
23761
10018
9687
9650
2274
10400
2146
10206
152579
540
107282092
1773
23301
83608
55679
646892
653423
57099
933
7917
80746
26260
51281
84629
85395
51179
57085
2258
26059
347735
60558
23295
166378
83937
55174
114625
83637
51260
54971
8554
6611
373
84678
5939
84068
5207
79856
23262
326624
1996
10392
7204
7157
4931
22897
8260
5452
57706
9764
147719
79161
55890
122509
23499
55188
7979
10044
285423
5926
27109
8029
130916
26470
489
375449
57231
195827
55825
4140
11069
56980
729238
200159
9088
348793
54970
1759
23080
4217
11311
5641
55668
10926
126668
116966
29800
147949
2555
387680
54899
9912
54974
3824
79731
152110
11010
285533
257062
8470
9761
114905
6788
253782
84816
64327
152789
9731
3646
23368
10979
197257
375057
2670
283149
8106
10505
347744
987
57758
6195
7227
1444
342945
285989
55240
55147
10477
15
149473
2972
56776
122622
9209
23408
5830
132001
27152
55182
80012
53342
22859
403341
84936
55876
4355
10219
158067
3426
83606
84928
728340
222663
353116
27010
152586
388021
202151
902
79058
285753
100507747
83479
8741
253980
83990
80255
5208
27175
84795
5264
9127
441273
775
2533
6560
7422
10643
11113
23475
23363
6872
54922
219854
23192
79661
10990
3709
79783
55531
285362
27303
51304
25766
92703
5076
55713
219931
54462
9261
81847
51250
389434
54940
10554
201134
6160
146378
4703
4683
8573
6654
2130
79091
3821
6091
9887
114800
5468
5244
51762
100507679
10733
1124
4595
84978
257144
9563
4110
6261
58487
22807
2122
5797
5607
79152
816
8495
57531
5521
23225
2027
777
84705
2241
4486
55799
221443
24139
339168
1499
256309
6660
9622
57092
83853
83857
25798
57600
81889
4992
90199
115286
161436
728537
2993
727957
115795
284131
9783
3785
5793
9699
9169
3684
54715
146542
10217
81493
122258
965
388633
203238
23397
3993
9961
729991
3631
57596
100506084
80975
6418
56647
80821
92359
55764
745
23544
9820
102724560
10484
101060351
4185
65981
28989
5141
30817
56479
22864
5532
5581
107984974
51070
5269
389073
3636
197342
7374
80835
7403
7145
284612
79858
1787
2744
9232
124512
11151
79612
11176
51735
10628
5792
645432
1780
283150
51593
11100
255101
253582
9154
54760
2740
2281
8850
158471
80173
80856
9778
3187
80157
6197
79412
10808
23040
4968
2036
55
5796
57210
64708
56890
55129
203523
9439
960
2532
121274
91010
256957
57582
5733
202374
164045
9351
151056
157570
56163
55064
9311
55140
685
7105
57282
55224
90522
9659
285600
2934
100527963
55815
81608
283234
10877
56992
83451
22818
55740
79587
84326
121441
100507607
9489
92715
10042
79875
114883
10840
2218
89887
22930
10277
27180
5501
55095
10313
55665
55289
80146
64816
11183
11200
284001
9353
8756
27145
56956
4756
995
138046
25945
91373
118
118980
23527
85363
1456
10090
80820
140578
1894
84455
9024
9772
116449
57724
5154
6295
10659
55964
119559
10900
80128
84289
3257
767
59350
100507650
401565
8678
5533
114926
4209
94081
102723360
9527
5624
54802
9649
221002
2639
285335
79777
4802
54956
29995
4628
202243
11066
57577
5095
7466
63877
10318
63027
6196
196527
2210
92822
55248
8837
3120
8829
283899
56953
255239
6575
222008
157855
57038
78987
9735
57492
79368
91624
4781
5330
119391
92521
782
9802
155051
6677
534
9399
79810
6185
50489
23601
27136
8945
23362
6300
11046
9612
7443
1572
440184
6637
1117
100288695
159195
5602
55607
84623
5802
836
8763
51272
9508
23294
6847
84251
7082
6650
3681
65983
23199
284958
400499
3416
2876
10244
64963
9586
150209
338811
1102
127602
1500
256643
23126
89882
147710
177
2803
11077
2581
55285
56169
388795
51574
57704
1827
123775
6928
53335
51699
57149
151126
55250
85417
8677
4948
387
5427
54938
84337
285025
55616
64581
9493
8301
153768
91368
79591
5789
26273
8471
10101
122402
10180
1936
50944
256364
83943
23085
56171
64062
6506
102724985
7170
55010
60401
257044
26053
26151
23418
388630
4357
120376
56884
57619
634
9689
5090
6444
79085
8546
255967
400823
162494
158584
23299
2287
4088
374407
23400
27297
2822
90459
23275
57519
55032
26086
55066
79745
56987
80343
143187
2547
4638
400954
51804
2696
92960
773
7581
23086
57468
8496
138307
57180
6296
26266
29888
4772
10207
85329
51454
55818
55238
83692
474170
22999
7324
389362
60343
10864
9156
7775
22920
81609
57496
11170
54480
27039
9374
388512
5909
339778
9524
136288
1297
6633
23332
79600
145282
57504
3687
28996
196463
958
23096
9860
3420
2550
5281
142678
1384
10243
112937
253769
27315
284546
2140
80221
143570
51752
23626
5744
11093
283710
26750
55553
60675
158
10147
57224
51283
1781
6525
51364
222826
246269
94097
26526
54951
9970
8615
8671
257019
3906
596
269
10908
144195
55604
51619
11255
57466
313
7844
93185
150684
25807
129531
494513
3490
6433
10142
347862
55666
84125
6954
23318
57628
22873
265
5817
642273
54477
10434
115584
2185
5359
57409
25983
3908
101060389
25898
7249
25966
90557
256710
5504
55154
7173
22849
55796
1854
6789
5651
6143
85007
11144
5829
818
152926
8609
9570
154664
80817
25988
65056
653220
282969
2645
51029
22891
5152
4345
286077
55729
255520
9882
1154
124093
284254
81551
26469
7852
9886
203447
93487
284252
10006
339221
401541
57380
9025
2733
4354
1719
4584
140686
5924
26048
642819
10758
7536
7347
3119
101929989
284370
23207
6708
51196
5288
80332
6810
54739
8841
10644
170371
10152
138255
8497
9465
26074
164656
340706
93550
1022
163059
6635
91522
55605
4139
6484
25950
9332
55101
3565
11119
23175
117
5530
222659
55365
84818
84303
219348
79983
2070
6453
2905
254887
51399
4063
8273
225689
26115
339366
6901
84661
104
64097
7332
130106
147837
132200
4137
842
7419
9252
4356
282617
4301
79567
8896
3338
256126
53635
79813
2902
3987
79969
2878
140873
1213
10863
140688
1740
730005
408
51313
60495
84645
5478
132671
84807
4004
26100
23759
55556
6229
2326
80125
84259
79902
7072
283726
84909
80184
57631
8659
125061
221477
92291
253012
23216
1663
10606
347734
11015
92558
100310812
54531
79841
23518
319089
783
7405
54806
57534
5127
23033
7048
5256
51538
4909
9826
23705
79930
123207
8605
51066
60592
130
25900
4647
10788
124935
10370
441024
79183
10296
100506564
210
152404
57122
29944
22982
199713
256329
7138
55969
4684
1318
11011
79659
9690
51082
197135
83959
23731
4710
5908
43849
1639
163486
114789
81790
253943
2870
84230
8852
94134
619279
63971
23590
7086
51276
3032
164
9919
117154
10039
81031
55200
54752
26054
50650
22906
253559
1668
54496
80309
23504
51380
27
352954
64077
150365
26287
29
147011
149461
153579
3067
283078
5858
51285
65250
5786
255308
9814
11101
4593
79096
6623
151871
22895
132612
79882
23242
1211
54939
100526739
9712
4978
64420
1755
55277
126321
7781
80114
51669
84954
2115
27328
7626
143241
2668
2824
3980
55869
8476
92017
55252
91419
5567
4094
22827
2054
1802
58513
23072
9051
9150
10641
10016
9444
25827
392307
283383
51266
283417
23478
79990
4685
64419
11343
221692
9229
83473
23240
55638
125170
116113
10123
9855
124540
284434
55680
10772
83658
23265
6916
23028
23201
92714
8091
92906
121512
7165
85016
421
23367
8897
2553
347736
54932
4440
79712
84148
153090
196385
136263
54878
11259
9705
9043
84869
9401
146705
9677
83787
23516
3601
132949
5125
257397
284759
107985770
79025
57410
255324
8569
83940
55246
8721
4123
5174
55111
4436
101060376
7294
26030
5609
2259
8550
57553
7136
3903
388567
4212
140739
29911
2006
22944
114815
90342
3084
729
270
79809
23081
1729
440345
168391
221472
8732
388555
3682
4734
8910
90416
9938
374875
134359
25852
123016
54020
1800
253738
10407
3098
124565
84923
9378
388611
23500
23137
4666
29855
199745
140462
5973
100128108
3614
395
89795
406
54545
23193
23114
3654
23241
160364
54585
55342
23092
79090
123041
1108
79683
7158
5527
134637
199857
6691
26095
80031
84062
1176
730112
80071
29099
57101
160518
130827
9859
127124
255631
9720
1540
25824
4134
1107
94240
23105
115548
4938
55832
84164
122553
10642
643414
440689
8745
6279
83697
7091
5218
112268092
130132
5214
57465
140836
79837
3570
83592
3708
26960
2011
55173
84179
149478
23288
10983
6158
114991
3133
51390
199964
57118
25961
3594
340485
56834
219699
51409
5165
206358
146894
102724862
23041
401262
4062
54872
54778
7574
10054
157777
54472
80210
6595
8603
341019
5669
29982
20
66037
10097
2651
151531
8537
203102
55726
271
5983
613227
89874
11159
3475
9208
101928095
2000
50863
1741
9379
1305
6262
9815
23031
9070
9562
79729
5145
6493
83856
55041
522
9055
5756
2585
6092
348013
5300
57486
23387
143425
9628
8785
22885
47
284358
55114
23163
256380
85450
4591
64326
153657
55367
23065
128989
158866
1390
22994
90268
84911
1307
3981
23671
23514
56894
272
9922
5079
286410
8869
9609
2204
151651
57119
55291
143279
6263
85002
4782
160365
255119
26033
643802
199990
752
10580
55258
171558
8463
23345
201973
840
3164
149840
55259
1534
27120
83445
23078
59271
1739
342372
55209
26035
57097
90835
8153
84133
90799
51733
5649
10901
399512
5604
4659
55508
51302
388276
64172
57446
5451
55657
51368
51168
1725
51614
93349
5276
201292
387755
55002
126204
10518
79709
5315
8675
147694
7553
345222
55692
729877
29123
96764
440519
8814
8672
1879
7874
84894
4084
57508
89797
2066
23108
64759
9129
4582
6776
55716
9328
23221
64118
728741
10458
81030
127933
55959
79908
348751
5345
11174
57666
27248
51031
388282
6668
79648
56061
55160
126231
27134
9747
222487
80006
1667
284307
57636
56899
3083
23788
10627
1432
55051
51693
389541
1373
284415
55697
11027
55809
6938
4776
9112
2263
51629
79895
128239
5693
26160
65268
323
6949
79846
25833
51100
151313
65009
375790
7292
627
353355
27343
339487
1438
161514
154197
29796
9619
93099
7163
160140
145389
9053
342035
345062
54517
11279
100996637
284948
23373
129804
55757
84725
223075
353345
10669
9520
55328
10048
5467
442213
51654
25801
84696
54059
100130520
4862
9512
10413
55835
84532
83694
54540
164395
5414
285521
5588
56925
133383
3778
63892
4253
535
813
10165
196051
55075
8572
3479
374569
11030
9990
56606
1397
201501
55249
56904
83871
23002
118788
79722
92335
55028
2029
6387
653192
65110
23355
6159
27067
5950
120071
22978
26091
23229
9322
8450
5128
153396
79796
55778
65979
25886
7317
51176
6464
57578
117245
80305
57614
115350
327
57453
6594
57449
27098
753
26268
84436
84272
170463
4287
10045
22983
150248
64061
9320
201266
9856
59352
26064
3973
57620
1528
55975
168090
9289
283446
6251
953
57157
64757
254295
10350
56165
84988
79109
23595
115727
92565
9847
23322
926
57475
862
5705
286
405
133688
2081
89894
146664
4340
84501
728294
11138
349136
146547
27434
2305
340267
4542
10656
153129
55683
23597
9762
154881
56938
149111
79844
123
54148
10320
644019
23261
963
80216
340351
57128
5138
57146
83696
114793
54868
7140
22953
8894
5066
55780
444
25941
3780
254251
9615
7014
6249
3275
5636
9324
8100
126123
340596
5791
1525
284184
55733
107080644
158234
91801
574016
8938
168374
54843
4774
2560
9685
51115
220869
653784
1134
10608
54453
54903
116085
57655
79750
4052
170691
10988
54874
11258
150709
159090
54454
23523
57148
2182
3093
222235
29844
8076
51760
101
3055
51455
94121
763
51317
90594
128853
8821
7286
11190
8110
8842
5601
9380
5213
5137
23505
55861
9734
341880
8867
126626
23479
10859
201456
23291
11276
434
8555
4482
26118
5971
147183
2583
2044
4629
9861
2710
10874
165082
9569
387357
5136
3696
7694
285598
25799
2566
255043
80224
2035
79981
51203
25836
340204
7871
202559
2674
200407
29988
414060
11164
7090
27241
51075
127700
5891
115677
85019
3669
3632
200894
64105
53616
10905
6748
85444
221301
23303
165324
150921
10089
79670
80196
27158
114897
30815
51361
9013
8925
56946
79888
64067
23179
51651
728358
6448
6101
8291
10127
64799
158401
23331
3172
4644
256006
6198
26278
8481
10841
9235
1523
23643
132299
3833
11025
23274
5260
9537
114884
10149
2138
55471
4790
10059
11154
146909
4646
5435
81557
55074
1286
1503
114804
84838
4889
2887
149986
3431
90203
6875
9616
4775
9989
673
6779
1837
60682
80333
2191
79989
50511
202915
222255
51326
10391
389860
55902
10393
55107
8560
91252
4117
151194
8904
547
4171
1756
137970
2145
165530
245973
8626
4150
332
6006
833
130576
89858
54849
4232
4735
9196
64411
254827
83450
287
636
93664
142680
84824
84162
8975
65267
93643
144100
114882
5747
80122
84293
10380
1353
23567
55871
8776
6769
340371
93035
343450
23164
79644
114049
51102
152100
7059
211
9315
2690
4205
647589
253512
4957
55974
57217
29887
27177
26502
23173
25960
10076
203522
7318
9759
285527
10959
9397
3787
5058
781
2537
129852
497190
145497
6098
283848
1288
80206
2898
26088
79143
342865
37
63977
388962
89796
5077
8193
84299
80148
2009
80346
9786
10188
26261
57448
653082
1143
409
253260
126859
10257
84072
87
11061
25890
419
9113
133746
54819
4208
10332
132864
55786
22900
154807
316
6733
57447
57732
8622
64779
440279
152815
259217
412
282974
93134
7404
92154
7109
79959
284391
130951
145508
341350
171023
112611
79145
55831
387837
55184
11127
387775
11245
55582
317662
126014
340252
54165
10654
90506
30011
7355
54536
2673
27327
55112
375759
8464
6929
101929926
5539
56886
55843
6934
8930
4784
9120
7771
64374
121268
150472
23348
55120
55093
6832
55334
196446
4317
55345
152007
55130
9256
53346
79074
145748
113251
100133941
3397
54820
10144
23633
55691
80199
9991
286097
81888
4711
5720
51093
1946
22874
89869
2992
23576
63924
11262
7075
54828
875
3606
65109
27094
285386
6728
5209
79741
10858
10068
145173
146712
4261
5923
283455
56853
25909
64839
5570
9913
29843
114791
79980
55714
83448
27032
4828
65217
9560
54762
153222
334
466
151011
246175
3611
5298
118813
80704
51104
776
10128
55591
57127
57537
29124
55968
64800
55298
124491
8773
113246
64231
84132
4995
64343
55193
2687
11252
26039
414328
1857
25829
90134
581
54985
255762
9818
1795
339541
9678
6338
81929
9905
7739
128954
30
121793
57708
84930
84922
11005
7827
5565
647135
114827
2316
5000
7390
8724
23305
10317
84287
79784
84310
3679
1607
58155
81562
27013
353299
151393
64770
84570
10396
146923
220965
93377
56947
134526
89849
90141
2213
115992
6932
5329
23077
66005
7264
80313
3576
10049
54847
57188
11146
2313
1939
83989
1981
9899
654346
576
2703
6836
142910
80342
30820
51430
23266
80036
92270
4673
11273
146429
57211
64422
389610
10307
55565
10717
1316
9267
10871
10903
64319
57610
51295
27124
10178
113177
78989
64342
340745
84545
7084
79848
23529
326625
4298
142685
10516
1327
2206
8120
23046
135250
288
85449
54865
5672
6543
5099
414235
3652
79931
51265
29994
22854
7180
153571
4524
653308
7305
116328
25771
80152
84328
64131
134218
7123
5833
342184
284325
117177
131578
64897
9832
57730
4891
6772
8460
1977
9732
10950
148362
113540
50632
135138
10055
402381
92856
8140
