89853
203102
84190
4604
23613
80125
729540
80760
114825
6813
2260
284948
9066
54453
153090
7072
2983
9705
6525
4261
126075
8853
165530
50863
8425
200844
1984
4000
51161
23040
4968
284958
2901
400499
374291
65217
4862
83856
27010
54849
388021
151903
23518
642799
164395
8906
79573
112609
287
3778
80127
9127
5747
55114
347862
4647
3581
80122
10492
8867
581
3551
374569
10083
11030
642475
89781
4670
23284
374955
6689
115584
51548
284004
8028
55815
2868
83871
116988
6569
25875
1876
51535
102724993
5789
1438
4067
114827
55740
161357
4058
92715
7173
23355
55154
10665
84628
253558
6764
338440
8567
818
57696
84964
144402
10611
2035
3177
3081
10580
2130
94120
22907
57578
80745
6293
9378
51281
2873
57698
133482
22906
157378
349565
26059
151258
79608
3508
132
90835
145497
120892
55758
5797
995
25945
22898
54221
55799
374470
8618
53616
375616
4931
6836
23254
7168
3070
491
10077
26095
9814
23499
2010
100131827
29949
338645
158135
5970
10332
54675
80343
161436
10201
285331
57732
7434
8622
55108
1211
91833
489
25792
57231
116987
283927
9699
7404
120103
4548
57476
55795
54715
137695
4897
91522
653145
89797
84545
55605
55668
79848
10019
7030
728294
55152
23162
126014
146547
10458
23274
22999
55619
9362
5567
80025
57666
9051
81609
6453
63027
55764
374739
6929
101929926
55160
6117
51265
115703
23288
283417
10320
7133
5909
6901
267012
374900
340351
23304
65981
7813
23348
10902
23332
56063
22953
27352
2954
5330
53344
83607
23327
4301
10772
2590
79813
98
117177
9112
142678
5890
7145
642778
8100
1740
63970
27315
5791
158234
23255
2140
5349
7165
55147
25871
222255
23136
22955
