169166
4689
160140
64092
219902
7161
57224
112616
1781
115749
2983
6573
6525
8764
4152
285761
9520
8853
283985
222826
94097
64863
221264
255220
1287
269
57599
54059
917
285641
79847
4862
1889
55604
6546
59285
642799
9657
402569
3778
653720
4253
5494
9016
6433
64769
347862
10142
3581
55666
84656
23318
374569
22873
11030
642475
89781
56606
2895
79148
7088
27235
55732
54558
255027
10795
56904
83871
23166
2580
389643
116285
126526
55857
55154
7173
10018
54997
120071
22978
26091
10611
818
79957
9570
79796
153396
5152
6464
4345
8209
85459
54840
57578
55540
51281
2873
57085
26235
115350
26059
124093
8525
6594
222256
81033
91746
93487
23598
55293
10006
150248
9320
201266
373
83851
5207
388284
284417
51057
4931
9542
4791
23499
81624
10609
3134
6919
662
23498
10350
5794
375449
57231
162989
10644
170371
4140
10152
92565
55626
57476
340706
23080
286
138199
1385
26511
84167
146664
55605
126668
26147
2908
10062
286826
728294
11138
10129
23162
80739
146547
54899
27434
285498
162
8913
9863
285533
257062
7029
2070
56917
8470
6453
4063
10320
225689
644019
23261
6901
104
340351
7813
114793
4137
7140
22953
27352
197257
85461
444
3780
2670
93589
9615
222234
41
1742
6249
374462
10863
8100
1740
730005
158234
1444
55733
112724
80254
55147
2116
55556
30835
550631
343099
51115
149473
4604
3983
56850
9266
3297
7072
57655
84909
8808
150709
253012
364
85464
3426
1663
80325
23523
939
55282
54766
8536
79841
79734
27010
23518
79058
51317
54806
112609
7293
3557
51422
84698
27175
7881
57579
123207
9127
667
81796
84958
775
4647
9734
64777
10296
8867
3551
29842
129080
6396
124222
54922
152404
441430
11276
8555
374868
641371
7551
79783
2868
8635
25875
51535
51304
3685
79018
84859
9569
8874
9632
51005
126129
8567
22902
55135
2870
2035
63971
8573
51233
9696
65125
2130
6091
79981
9887
80745
7871
83548
202559
124817
50650
1124
22906
90523
22807
113277
115677
55132
80021
79157
546
5797
8822
868
8495
22898
10713
84448
149461
54221
57662
64105
56964
53616
441425
339168
114088
256309
9814
31
100131827
139728
115286
161436
727957
80267
79882
23242
1211
90525
283373
91833
115948
22881
9699
64420
3897
203
54715
55277
7781
23383
374786
64799
4644
10579
55521
27019
10841
6242
9404
8476
55619
5567
2054
58513
55764
3176
196951
23177
5310
283417
84632
1838
1286
9079
4685
65981
84838
11343
221692
83473
22864
10902
8499
6013
124540
23327
10772
64089
3636
150763
60437
7145
79858
51642
79989
64359
3661
63970
81565
5498
9369
59338
23255
7165
23315
5792
347736
51321
55107
6487
90665
285242
151194
23613
155185
221391
255101
79574
55862
1756
153090
9043
54760
84869
2281
83787
158471
3601
8425
1984
23040
817
4968
2036
6006
149483
10578
54849
57787
83940
9196
254827
9439
960
287
490
93664
636
148870
80127
5733
9497
10312
158405
492
144100
5747
6720
57464
8838
55064
112483
391013
90522
140739
9659
150280
8515
109
3084
55815
2912
79868
343450
81608
10283
84939
152100
4957
8502
84812
55740
100507607
92715
8910
134359
284498
25852
2218
338440
5783
79083
123624
84529
728780
8500
55655
57654
60561
196074
9378
1001
781
51363
151258
55289
80146
92346
23426
23218
283848
23114
80206
284001
8027
160364
37
995
23092
138046
5902
10540
114134
10188
85363
374470
322
253260
343990
9772
10077
6691
26095
171586
80071
54819
10332
6295
54675
10753
57101
22900
93273
785
147968
285331
8622
220416
3932
143379
5378
65258
3257
767
7404
7109
100507650
1107
4897
7597
22976
5162
54680
9649
55582
7410
126014
1016
7091
202243
23247
5095
51292
27327
388849
83592
3708
2011
63027
79642
6929
84179
101929926
283999
10138
23288
6934
5590
283899
23583
5778
23348
55437
55120
8556
55093
5330
10004
219699
26191
51603
196446
91452
23041
729920
6007
145748
10728
83985
2175
285203
55691
9991
286097
23176
55607
4154
23136
22874
23421
4929
89869
5802
9141
89853
203102
84190
54828
10802
8763
1262
5209
85413
199786
4261
10150
5923
9473
126075
51466
84251
50863
9379
1305
54456
910
728621
23031
53407
400499
65217
84131
83856
51547
9788
118813
10244
776
26301
401258
55591
57127
64800
55968
8773
54916
101930307
23263
728441
55114
23163
4591
414328
55544
64326
56169
581
153657
53335
54751
128989
23284
1390
339541
128954
81929
4948
84930
9493
8301
57222
84187
23543
5789
23514
10101
80279
114827
10156
9667
2204
84287
23085
79042
220108
55291
6263
85002
7692
5106
102724985
201176
10580
387601
171558
60401
23345
26151
58508
55259
80115
80000
55105
27040
23552
25970
91608
55209
57664
140803
634
5329
23077
83546
66005
23623
90835
5719
54847
5771
51733
255967
4659
162494
26052
654346
23400
80195
201254
8618
259173
6836
7168
10645
23122
646851
79719
9215
79745
10201
284904
57211
400954
2696
5871
8087
23178
79912
4548
8496
8672
81552
22998
51201
89797
100507055
146722
10207
79848
1793
23604
51298
51454
729978
388931
55716
83692
84215
863
4598
84867
4149
389362
9941
84264
60343
64794
288
57666
6668
197322
79648
55160
79885
29994
102724023
79582
60528
388512
23048
120227
9524
56899
653567
23332
1432
5073
79949
79600
55700
387778
11027
2948
57623
23096
9892
117177
9112
142678
65268
27315
2140
151313
65009
23243
27343
143570
1438
161514
154197
92856
22955
