143570
2011
57536
7168
57537
3778
79741
5087
8567
55107
51295
26119
151242
23261
64759
10144
8609
9324
152926
25890
2918
153657
257019
255324
64225
80148
55799
283571
5128
84725
64127
4659
158234
100133941
158866
79783
51377
10127
55578
8925
2138
388611
27300
2029
10152
6934
2889
10877
27241
145748
9209
55277
54828
84448
8776
83871
222234
5747
27443
116461
8301
54879
64786
57554
84614
83990
27098
5137
100506564
65217
55565
9267
3619
8618
84818
51693
9570
80195
10188
9689
7091
144100
2035
83787
149840
8672
151258
10659
11010
143187
23247
953
11276
114883
26074
23048
128853
66005
3993
10018
8499
387103
55193
27010
84696
79846
9055
353355
10320
4968
7165
729
5794
55147
6525
147011
158471
349136
4595
115677
843
90634
56606
84251
55604
79740
10150
9379
5789
53346
5939
10988
54875
7434
5260
57489
90522
57448
100288695
170371
50863
9444
170691
199857
23303
23332
2212
118
23518
1525
287
114815
170463
57282
55718
9622
389362
55291
5207
125061
55709
57224
54963
285753
85002
54103
155051
1022
10579
9885
6546
5527
26064
8897
57210
8394
57828
23078
1353
4604
29085
23136
8419
9053
27
253959
94081
79644
727957
25830
54715
79844
57610
55007
79582
6733
114791
146909
7871
84661
27303
56899
6637
54039
90835
55351
27180
160365
2146
23224
2009
152110
54899
5909
84824
57666
54820
147949
79810
4591
1107
444
373
84364
55209
23363
91522
91833
9229
8837
90557
55095
440184
6198
5791
388282
150365
79674
10296
53616
140876
26115
1740
5468
7170
6251
7136
80342
23331
54148
60437
55668
1182
2585
55556
139716
9560
63027
55250
26059
996
146712
256380
10656
63971
23543
4337
4253
91012
9687
5620
23162
65981
23122
3708
817
10998
285423
286410
50650
149986
9734
51564
147719
8745
8874
113251
9786
23761
126969
6229
129852
4948
27163
405
4088
55653
1759
4152
10380
85007
79048
6263
9892
23613
1390
54906
7074
151194
9378
80071
26095
6185
25875
4261
57476
57482
5567
4897
23527
7536
9922
2130
3077
11113
26273
55573
22999
57708
94097
81608
9772
55288
9369
4703
60682
90736
55819
154664
9685
10654
55959
1993
23348
51317
