795
646486
4842
411
1635
5314
639
3326
79932
252983
9333
55786
8111
162494
51141
256435
727866
5980
9117
10124
120376
5672
374899
27343
9392
221322
50628
7046
2204
653075
220134
91653
729978
29956
152687
5641
254359
9447
92370
137970
23640
3265
136263
10826
9518
5884
122945
101060211
4331
6738
8405
2903
9014
2224
163351
3976
23774
64900
64218
468
285203
22954
2208
79858
152065
55691
57463
64324
55809
149483
399947
9519
145748
10855
151056
64805
54828
9414
22981
5778
6506
7422
1026
6904
64786
5337
84614
84529
125893
10669
126695
90019
27334
2014
80008
84626
55273
387700
922
2620
25794
23371
11100
8554
2774
8910
51704
149473
23133
23247
64062
100507027
157313
283576
1241
23276
51389
66005
875
55511
6120
9068
133690
10570
10233
23649
148268
220441
2000
124995
28954
59084
842
51406
64417
23558
8662
388276
642273
197322
220074
6017
56776
27037
84779
285172
8646
285955
9577
5865
100141515
23405
53405
51070
199692
90799
9859
100129094
56912
10907
344657
219931
51316
157680
260429
1410
388569
154865
6525
7335
55074
84955
2794
130813
64744
5465
11030
4900
58155
26234
11064
995
6491
54469
51207
375323
23536
90853
7066
2904
283008
10921
54847
6529
8564
80709
284067
79587
727684
374882
54536
6288
47
122664
90522
25854
54438
10242
146852
79759
6470
4112
116135
11186
26525
2875
29081
4681
80020
1111
54431
23500
9727
80254
55793
51526
9695
25834
5153
79673
127254
3780
9622
63976
284467
222826
1630
340351
222962
10039
9735
146723
5662
9917
7675
55294
257415
9899
147657
323
169044
55689
10664
10047
23349
93099
10447
84798
80021
84934
2949
79671
32
11315
348995
54776
2886
64328
994
28231
83666
55750
1268
100507436
89845
7766
7718
4887
23012
23514
148867
2272
57610
3834
55254
5922
84258
728294
8816
23002
80817
9108
8310
84675
10171
7711
59307
3240
55601
3434
115584
64375
54925
57478
375611
3569
2009
3752
199786
23037
142683
107984449
90326
114879
84620
55531
7569
8544
51266
25833
51271
126859
1233
8082
162968
6204
1622
84727
6868
7444
102724843
27352
170622
90293
64172
54532
24142
79135
92689
84171
83985
627
22797
3358
79875
57623
285613
126669
23562
94030
10755
54675
27074
9120
3768
645369
101929959
23180
10691
7011
171482
2914
643707
150165
27086
5378
84940
517
348654
51011
85443
8647
9824
9717
55343
114825
115098
171568
26260
9988
140876
2911
6594
594
121441
127018
10425
401265
5027
407738
78989
51340
719
6954
57446
339778
25847
6563
60484
64175
399948
2797
637
58500
3113
25914
1814
79745
9
169166
6530
5733
150696
128553
8459
729238
284739
83953
115024
55830
146712
84804
5802
7337
55665
677
2675
3556
7581
8648
55762
57582
4833
26519
10605
2101
60673
2359
23284
161145
8602
7518
284525
283537
55843
283652
3084
10388
5308
2887
2182
64841
145282
57507
26164
123720
56934
1160
81
26984
1543
5832
11158
9786
7041
388567
126969
2177
643836
23567
3200
64377
64718
55811
57731
8170
55738
128497
5218
24144
119710
9667
22869
2966
550643
57528
128637
6183
6847
164668
143241
284274
23194
90576
414060
6309
5784
60490
140683
64799
79813
81493
65999
11130
81693
4105
2078
4111
5358
23399
285141
126298
7627
9338
144717
6328
6690
64753
5284
26539
84152
1911
197259
445582
9497
9898
375759
100507055
51535
167681
6629
442117
2140
79608
23042
117248
92344
5540
79665
4005
11033
9618
768206
10084
51222
137392
10253
79722
84679
6322
3692
2782
143570
127544
55345
23231
53917
10260
50507
1375
63877
131368
106821730
2348
5087
23633
7189
317703
59352
2103
3790
331
219
22807
55055
3920
4839
401994
55119
340252
171017
10471
11093
2567
58512
8228
84883
168850
9252
3181
83648
285966
22955
60492
5894
126626
1005
7525
91252
1175
126282
498
10472
8443
3697
10396
390927
200879
7690
26147
222642
2258
63901
8407
51816
51177
79723
4233
23185
152006
55787
414189
25770
9016
3991
59
258010
4107
23304
92747
10164
317761
114784
55195
84553
8776
83871
130749
160777
1267
91404
347730
9705
3485
11322
176
488
126868
50617
9818
10999
116843
22994
6622
64794
5163
57761
129303
23199
79872
54434
10188
284403
399473
23244
2035
2104
55667
79036
5916
80333
2099
55143
7534
22859
516
107985692
57496
26074
65003
116840
23048
159686
6239
11099
476
23623
138255
27151
94025
115123
23404
81555
23553
54849
6936
1401
80331
3050
28965
388403
10612
26030
284904
28970
254887
6701
90313
10477
114818
57567
140883
9055
84909
64782
283461
51312
54878
57646
348807
4097
143879
387680
56267
90864
100652748
84230
400961
84224
340120
57149
3767
55179
782
54861
6383
285343
57038
8939
27124
23780
4987
348
6542
79175
100133251
93035
55061
1240
117195
9796
6606
55862
728858
221443
54780
23060
9870
3996
56474
170626
55269
641
257044
51306
54107
784
5195
631
78988
54468
389860
5170
5858
79133
9659
253461
93436
64333
53343
255119
54900
5570
55246
4094
56254
6134
728621
84167
149233
6507
84920
7764
4901
83449
55765
114781
57115
155051
84286
10234
195977
10013
7391
255928
8904
8394
148418
9874
84628
79230
144321
54502
29934
8777
676
7701
55814
7122
374470
8655
7748
94081
4919
115761
10421
2268
56998
10585
51059
201973
1807
79582
347734
11156
81576
51257
26031
5893
79074
10347
5328
6799
259283
23589
353299
6637
55064
3428
51193
56987
7097
140576
10317
2900
130576
51528
2629
6698
1207
100128927
2146
26750
51754
948
1908
23034
60592
89797
5596
8650
120935
338872
25900
7072
53635
4049
57596
2892
197358
642778
80157
80142
102723360
8821
162461
55906
90693
22852
84186
117194
375449
6996
1477
100996631
25962
26246
100329135
255631
7775
27245
587
8382
10869
10179
84623
90121
3776
10517
3630
7716
257144
81790
6809
4291
23229
26276
288
55139
339318
686
339559
152559
152789
85363
22839
128611
6474
63894
1997
11154
710
29855
23233
5298
271
148137
93082
2792
25980
91289
613211
23031
93594
79727
1740
91689
152002
101929726
10782
253714
51121
51380
26098
7768
9249
79607
6817
64779
130355
25970
54206
84680
2690
9472
825
64374
90525
643911
23178
284521
23654
125875
65220
11097
10333
84944
9934
50489
10257
65250
84513
196483
26683
130617
9013
23767
55657
126248
9962
5651
11342
83861
871
472
22937
9114
84179
54995
2319
3455
4033
57167
6533
29107
492
116988
51564
8745
3141
768211
26973
9181
84310
10385
728741
219402
285755
10139
58189
2803
84292
10950
8600
121599
4817
54989
284759
102724957
8303
27163
387707
7029
113878
405
219938
22903
6573
90411
6263
9863
23613
6707
90678
338692
7761
6703
1395
6038
1840
9262
23786
79631
84864
6759
951
6452
9779
10603
26118
9256
10133
25981
4891
105376875
56204
126119
121355
158427
80000
9312
8445
11027
146057
51179
63876
10904
117177
112
252839
150590
30816
65983
339
25809
4978
11163
26716
63924
643904
123803
397
54093
94235
3157
6677
387
57697
64789
285498
6000
93953
22823
619373
100528062
8395
55615
54800
3189
133015
64147
387837
9514
23551
26664
55577
6002
3183
9674
6775
10227
145957
4335
9798
28511
22846
246330
55810
10050
652
57621
137492
26001
283768
2006
221143
10929
653808
50615
4102
8890
4259
57669
967
29896
5424
54751
25823
150280
1131
5434
55287
286006
23310
51557
2982
81844
51447
347442
390928
102723859
81553
92960
2286
221395
85407
6326
4791
7919
10924
339541
6540
1121
55770
55277
2098
222389
132625
200081
23135
147906
5520
85464
23065
55183
3551
54879
3781
389084
653784
1503
102723555
54585
55839
1010
55888
55624
3595
116173
8706
63892
148281
23081
5251
7574
51259
8315
255411
8242
378108
2958
79955
10186
24145
145407
27253
114883
51574
80114
54921
10117
131375
4238
8513
30827
353116
84187
56981
55650
7942
158584
5031
90060
139324
170261
54020
55193
51127
80256
3732
1992
2137
4916
4301
6596
55863
442213
114984
283078
6674
10994
63946
283237
1448
54065
4166
10068
83959
56163
5564
440087
90634
80179
4248
6861
57530
2785
6035
2846
80343
65065
945
83540
162282
64116
57502
285973
51156
23549
25769
84236
54535
26149
23064
7416
57179
222068
10329
25897
1465
643008
170691
392
2638
196996
84632
54762
2313
23318
79979
4009
60312
79831
1446
83943
3547
9958
9022
55626
4153
6741
6232
23305
5423
57654
79664
113675
84878
5352
79848
285761
120224
9928
3683
5650
122809
730394
201163
5583
11126
54033
8883
7311
134429
124817
5110
79768
4004
55197
136306
5329
5274
4838
127253
54058
55005
7180
126069
3758
257101
23118
11275
11086
4673
10584
112694756
339976
140823
388559
168451
57010
2280
7398
10089
10595
51162
28989
80975
84775
11055
5045
6833
220164
54674
5265
51522
55007
7096
27000
901
10459
100506115
139221
55227
123722
7035
27342
2036
27247
10922
53335
64582
57217
51112
57556
160365
84787
28513
23214
116984
4829
8507
55328
548313
7753
9150
9487
79980
25946
575
140467
4122
79066
79178
54014
254240
85463
9020
7913
64400
55112
8200
1436
50809
8550
2821
140609
10617
10297
9658
23363
54843
95681
388633
6616
2857
84197
27120
23647
55607
144453
390748
102723532
7762
84216
340205
80344
6199
55095
51186
200014
401409
2534
3787
84945
60506
328
219557
29057
10461
84627
65123
200845
84893
53616
284613
54886
9656
83541
542767
9128
51699
643382
57146
344148
9904
1879
7139
781
9491
7637
23281
26160
55884
7917
133686
162967
222223
1310
8844
8131
10004
60676
149628
4163
3930
112268354
64208
3293
9562
767
140766
266629
4133
83695
541578
5148
57172
4350
139716
4864
22865
26059
85451
6236
10146
7367
10863
51421
10446
10417
22862
29899
25987
10910
5673
6911
415117
3708
2707
54768
10019
54463
55156
3661
8842
6132
57047
440
133396
115548
116113
65125
8663
23243
823
5910
6710
338596
6832
51125
80210
10643
5273
10232
6039
93377
83259
51411
84337
125058
221264
84085
162966
55466
11072
929
55065
5602
8712
8208
6634
8737
64063
11102
4753
3321
1063
2779
7746
51668
79173
286204
205
140885
1269
84304
55966
105371095
54974
81552
80325
2013
10846
158326
9404
8935
63897
2651
4683
2735
728269
22999
116039
58508
23768
221786
163590
2733
11280
253512
4703
55023
728340
9586
92270
6019
84836
4594
6310
22809
343035
253314
90488
55233
317719
83464
221937
55051
79973
653269
57584
2206
2793
127
64210
283638
23504
2246
57531
441452
149420
55744
23261
152940
26502
55970
10144
1600
57094
10795
57465
23090
84915
10989
10771
5950
3290
64101
11228
56929
10681
4439
57185
79726
132946
8190
81619
7564
3563
84725
2873
166793
4232
126295
51555
84215
79783
3146
6003
114795
57451
7869
51072
80758
78994
83468
729767
140739
51227
23192
3145
7770
8926
11136
5463
3188
8456
55208
388795
122704
1033
583
4998
109703458
1368
223075
58517
56181
6899
2820
79837
9477
353324
54619
79057
163778
8434
8864
83590
57558
5991
79612
144100
388588
6509
134637
728194
8997
100507170
387640
302
221477
57533
58190
51265
64388
7006
4613
23161
57541
23546
80776
3689
84518
27018
25921
1102
3993
80185
2525
142678
23001
5724
56894
4638
7253
137682
231
9537
54545
261734
128653
79760
10780
491
51004
3187
56245
56259
11176
752
10320
118461
3772
54778
9467
3717
51496
84033
5608
56913
219844
80270
79969
152100
148362
154796
2893
51103
5587
1266
9015
23269
284346
3658
127343
55572
10983
399512
51533
4208
55374
57519
7138
5792
445347
26091
5939
585
27109
27131
81929
7373
26974
2908
26086
338657
26151
10082
1717
2114
115825
222
23499
729533
57223
85379
132299
92667
54453
5514
1983
22985
283933
417
4051
9232
23382
118
166379
54210
55486
245934
81491
641371
81930
1294
100526771
91703
7466
4931
64760
178
10898
322
220979
85002
4129
23101
110354863
2642
54456
93380
4435
7314
2702
2976
57089
10923
55778
144165
8820
7867
133688
26259
6397
129807
26659
143
946
6708
343521
6546
5178
11244
440077
3167
2622
1850
5663
2596
22974
9747
135293
1447
163486
9289
201562
84245
51297
6155
6477
348158
54850
6498
643376
57214
64223
274
79852
340156
2004
8838
55245
57501
10020
329
23438
23256
4696
4149
4108
55916
23187
1054
26137
153830
101928601
160335
7127
22895
148738
55103
203
4090
5376
23224
2912
9869
7086
22897
4077
84002
51398
64137
27032
399939
868
339487
139411
7169
9529
2775
105369535
54820
6369
64319
2786
51501
5826
9925
340393
135644
79567
783
220064
102723631
9319
78986
107987388
79747
116983
29124
23154
5002
80778
51409
1441
191
64777
23141
23468
9770
54514
51678
11012
729230
29110
51232
4942
8473
27095
5494
10015
1456
4192
89832
54583
27154
399671
165904
51343
646424
132671
53947
84698
283254
7048
7342
340596
862
8417
100505876
5787
221191
60509
5828
158358
6051
1558
26207
51256
55184
6711
10991
6203
23266
1534
55205
9465
5549
5211
55324
5551
26035
2585
207
4688
9560
11155
6277
22901
7621
171425
2181
6897
10948
54813
9784
148823
10332
340485
6302
6013
400757
1272
51491
276
23543
25851
1302
115330
22906
23291
10044
221393
79834
5288
353274
54970
153572
284076
11057
220963
81932
924
84340
9734
9191
196403
4627
6753
144448
135398
29070
5985
116931
25822
84457
57035
23381
221806
79896
51252
113251
64220
339324
9781
57705
4117
163081
685
51596
256471
925
79026
1773
284369
10215
11258
513
54187
3344
3560
79677
6547
64943
757
5580
747
90355
9069
55554
10602
5547
8633
55902
56983
8878
22800
23355
22838
64174
389337
7060
105377792
85236
51700
9253
84285
284417
150082
9367
9730
5816
11168
728464
342865
26054
3679
10842
200634
25871
26022
161823
4155
10110
51474
10308
71
1201
89932
8900
56977
55676
6991
4685
80320
2844
80146
28978
10045
342527
121601
2356
85459
113220
57730
23277
102724813
26
3778
203569
83608
90199
9719
171023
84465
51148
105370849
90161
9704
112942
84444
55304
79734
285704
64225
3221
26033
10460
23209
9923
220972
5621
53838
54797
4798
340277
100131137
6331
23461
1609
100133941
23443
10529
128989
3638
286148
84058
2661
4641
80262
2305
8237
285220
146439
2255
150350
27071
283635
83877
79645
57547
3375
339766
92255
130540
10389
8425
254102
2646
11069
9663
4026
3990
84302
118424
114625
8703
128218
9782
9570
254956
51071
238
127733
841
374887
7091
2213
93621
84503
348751
26190
91433
1846
6275
9448
55106
22847
9149
1748
5063
84191
124590
348793
64762
26084
4752
114826
150297
79572
23097
5451
23460
57104
170627
150709
199221
22856
120103
56261
8906
120379
5678
80023
353355
2706
23604
4968
92399
54998
27156
5794
5239
89944
94101
79083
2070
79786
90459
3897
54980
57821
22832
5349
22808
112724
116285
5174
123207
10565
27190
55388
151254
5571
9989
10205
92856
5833
2184
889
23321
2175
5511
342035
79443
55818
2804
79895
7073
23228
8451
60482
79772
8815
10645
6788
5902
5935
7586
91133
29766
389384
348327
56955
8165
3459
83733
54495
253012
57091
27165
147872
4599
85445
441476
84328
388272
100129842
388125
285315
22806
100289187
3977
6161
9343
56886
8506
5890
81856
1192
5339
5269
9169
55194
102723713
5357
23544
57715
84162
548596
7088
127124
9997
51504
64895
55224
64078
6907
119504
400746
84976
10458
10627
9590
7360
51458
4204
54212
727957
2643
25913
9877
84312
55777
152015
131601
338382
85012
84910
222236
7187
7850
55135
152206
8896
55146
27303
8899
23548
57182
54039
90806
9617
1998
84196
10487
57820
150763
2941
54503
84466
164091
84984
11189
163
102723502
8100
55093
80067
1298
6249
7453
245973
118987
220869
200424
2842
147949
388561
57109
1767
5332
10811
1305
27440
3061
56970
55840
54758
57007
9111
6164
3764
100506013
7709
26048
100130370
92086
283375
9398
340267
28968
55632
163882
5700
64976
10235
10739
5024
83986
347735
79882
6830
10568
117
5959
23637
118924
653550
124045
8996
11108
114876
2135
8565
114824
84100
162962
79670
5988
7090
4992
53632
23144
10677
85458
84969
79035
6780
4062
8437
164045
9180
79692
43
339122
51043
64285
3437
387496
9817
53340
2736
112885
55151
57157
256764
55017
23315
125150
2116
64418
5275
10867
56946
84437
157570
22995
11096
177
9516
79816
10656
402381
57118
57181
6101
222255
4253
57402
9337
342909
9687
4983
5618
1031
9389
388324
57097
11160
79921
55076
55973
7227
10483
338811
2996
150771
8936
115399
8500
27159
57414
101928764
5993
146050
2672
81704
118427
53347
57480
27177
22893
5160
79718
55239
9568
51164
199990
23479
11009
144608
117154
4152
9486
85007
55152
2859
5982
199
10352
153769
8884
23338
375616
23528
54946
2494
151194
554282
7846
100288413
22900
25873
23769
57786
10208
7263
55687
401551
9306
90826
9123
3070
55629
1933
253827
1066
25865
5428
83693
983
431707
55165
2335
147372
832
115817
56675
129831
54498
1454
51763
84874
9692
6692
56995
54953
115111
123876
1687
10856
414918
388960
54960
4651
100507527
246329
56911
6570
3892
8676
10540
8404
80115
84765
283710
3716
91663
10762
375
166824
80205
57209
80790
126133
113802
23181
8019
28512
8036
9807
92283
29072
114882
51571
284948
389
2668
53904
375033
3688
64105
140803
1262
53826
57494
350383
27087
10160
50853
5313
153328
285335
4067
8085
399474
7597
145264
9846
8241
283284
22834
4808
80351
7297
157922
50807
171483
2558
23481
63827
442038
4666
60558
3601
56616
79879
51561
221037
91452
83416
28966
80255
7415
29923
1716
9889
219771
65267
89882
389541
9897
84132
658
9170
60343
4801
1739
25902
199745
55282
27178
222234
80025
79147
1802
224
25994
89884
10455
4289
5095
26289
64860
3337
132332
9604
8495
29895
729475
93233
10336
11159
10392
3933
51361
7881
55144
51292
83853
79828
204219
7572
84296
27299
55904
128853
56907
51185
5629
100288966
100132565
23408
115286
50
221476
64219
140738
203286
29842
497190
6375
55454
118663
84749
7223
57703
50808
221035
55367
2027
646851
85439
22925
27199
84660
79902
4849
203238
10667
11273
23387
23539
84542
6747
101927506
2705
10783
10678
54544
25850
349136
4595
51327
843
1787
55342
5287
1370
83992
6729
90102
84254
103910
9777
3135
63979
222256
27324
22913
1741
81029
94027
22941
119391
9045
285148
55812
3567
7745
51805
3249
139735
4756
170685
3669
84922
123036
1820
9362
138881
51428
57393
64067
285596
3611
5745
353145
54988
84063
254827
2212
84133
1153
8623
4921
10500
607
10093
10287
57282
203068
80312
11146
6614
64426
84938
917
51144
120
8720
90268
6169
284434
6272
56849
196883
5021
120939
8454
29902
1870
116535
4880
6920
730098
5527
6503
26064
26133
9754
7296
9710
826
124936
8653
129530
50613
92181
22868
2701
84464
57699
2580
112268238
118611
254428
5617
1028
153241
283807
199920
2530
8809
10943
448834
55790
6307
105372412
57569
6518
2122
27314
368
7991
58493
2828
646174
728833
8624
375248
5291
10499
1768
284695
9402
122416
51157
474354
5909
56904
283431
54796
56650
5208
9787
64518
3218
29760
78992
26231
55167
22881
51276
653781
640
55209
85019
9179
6648
387775
102724219
9502
266740
127002
63977
57604
57597
283229
55268
23532
1457
310
79720
79088
375519
55507
87178
9134
10941
93643
642938
57546
79981
79864
1286
150365
140700
10758
5908
8065
7341
25894
83697
5068
414328
2074
10633
81556
9844
9926
27128
286436
22915
8898
135250
84993
119032
55701
51066
150677
11006
54910
163071
79751
1902
55248
3953
10109
222484
127703
10342
57826
118738
26121
5563
154661
10474
142685
79684
9227
10075
374907
7739
51134
81846
5164
124930
22907
220416
3981
2203
59344
9639
11047
5145
81789
400823
26235
2274
55920
23250
50650
64098
9765
201229
2037
60686
339883
170589
57540
56164
1512
60495
9413
90427
57605
10438
121512
79633
80034
54940
27291
170482
9049
54834
57159
284992
1327
7756
79170
2542
551
111
6932
55679
10580
9501
25961
51155
10558
79441
400629
4221
5562
6185
25942
2324
107985876
25976
4261
80010
200403
57482
226
6789
401565
4317
150962
84293
8702
3185
81832
9922
55717
144809
192670
28999
25852
84502
54955
9665
10178
57708
440348
84181
6511
341880
150159
51545
26228
6386
10207
27030
10252
642799
29068
79089
146198
126006
5521
8502
6133
80212
1117
22827
11083
2002
9500
6878
7188
4257
81696
6345
30000
9673
9633
79025
5594
23302
57497
29888
9423
27252
79689
90410
6821
3818
1428
64326
3663
1859
100131827
2788
84720
402415
54436
11076
90987
780
51
6396
100507747
643641
340385
3276
10777
84708
81562
79591
8895
57467
25791
284654
2281
987
1264
100287036
166863
26049
23211
55617
1982
223117
23370
51776
7325
6482
8449
6414
7327
7226
9476
284349
341019
23113
59345
84707
5143
11262
10204
26094
63926
7248
6712
50640
54853
29998
149466
2187
246175
5364
388419
83481
9046
50618
255101
51650
23094
391
58494
11325
1432
79958
5934
55885
7368
9812
6602
6059
3815
83990
54763
2639
81539
85452
83658
2492
8940
284323
113835
127833
152404
27327
4134
150368
3903
51166
278
100288797
3429
9855
1690
7769
84631
23464
55780
54757
51063
57713
54973
9274
11170
123016
55334
7439
3628
65243
3988
2264
1991
2888
54932
84460
114798
60313
120227
27010
26275
92345
896
80167
153222
79846
65268
57645
4636
84545
4046
7224
64581
254013
91523
116519
54760
9785
23493
10212
23608
55110
9682
833
9429
79109
3329
58475
79145
11178
79798
9848
57552
406
1347
1196
284371
83714
131034
9506
80227
205564
25816
204474
221391
390940
60386
57508
23516
79411
8690
57563
9555
4717
27148
10174
4113
255104
79823
23303
22929
158835
64902
79140
53637
84148
84079
644353
6566
729440
153020
284498
51230
83698
55824
138639
604
617
10198
162239
1466
9910
64850
8888
54103
10592
27185
57459
54815
9348
4995
51287
9615
55331
2107
83940
27433
23023
23051
57210
84295
79953
5322
4286
10168
1616
9098
360203
8318
84077
642968
54892
11269
553115
9374
64579
5573
201191
11179
79033
166655
27122
5782
3133
83446
10765
79618
416
5864
130026
10397
4061
6758
57471
90594
390072
5888
340706
10563
18
50859
100507341
94103
51231
4598
59348
4281
56942
7767
345557
4773
576
55731
201798
3354
10010
4552
4521
387601
22919
64787
163782
1652
56413
29071
5052
2571
10768
8460
1496
3695
100129515
1366
116441
58476
527
10169
51088
84662
56963
100128108
120406
4969
6829
55011
200150
338339
79849
256957
5097
26298
400581
4861
205147
3213
353345
27173
149175
128338
22978
84240
105376747
55359
7707
8678
91107
254773
92482
57799
10140
7879
2778
3419
92342
3773
5655
80279
55349
26740
55140
9643
780776
5468
22996
101059938
10267
11335
9139
10634
196951
284129
374407
55018
8120
4908
80012
6095
6900
8715
11245
79642
2052
7965
147920
138151
130497
7594
3159
3017
79094
219793
222584
57088
60487
4967
253639
492307
339327
53349
4337
84318
22936
83660
283489
9100
57447
4952
23636
5978
152503
84991
7143
283385
54059
10973
26015
22872
9212
152485
643418
6536
93550
11073
149986
9527
27202
2978
100130301
9776
435
8877
219833
57707
57529
3762
599
101928677
51455
23435
204851
338599
6604
2845
80321
8034
2273
8440
51000
955
81793
2940
252884
400745
50674
11183
57693
140706
2570
8704
55163
338322
7592
128414
51130
9737
6138
131177
6210
169841
100129654
7916
28977
23179
9654
55160
2218
84641
30832
64446
23149
51582
84173
338321
9759
55014
10007
58486
2994
9657
11113
140465
218
3164
116835
79869
255809
9129
60672
54976
3728
55815
59350
80119
864
79780
83473
1946
9772
147463
165829
51527
389852
9369
84447
64405
9569
2700
10518
7638
5055
387890
130612
84833
5552
56154
118813
9532
9826
84766
23074
51520
56269
25898
345462
57536
51715
6876
728911
963
7976
10312
284348
93185
23022
149465
9033
400720
83460
3096
146556
2983
5151
8609
5589
26524
56521
102724231
9425
54700
27152
199704
10641
94122
4311
27013
4988
400966
160622
4669
55728
4790
219749
4292
57701
10201
102724560
4306
3696
4659
158234
158866
9358
339366
102724862
4640
3750
654231
54993
10964
91801
57232
5926
100996331
84547
64770
3681
60528
4803
9699
91010
80723
51705
374897
84539
84861
2350
64773
117283
79228
654463
6883
222171
66004
84316
23040
10650
440345
57498
163131
84315
2160
283130
103
6621
80174
51347
7140
51363
9755
10395
8514
11022
79630
80746
80233
7442
105373242
51249
101928841
84899
10220
2115
151258
10743
28316
154197
230
953
9750
80856
102723737
30834
7804
3747
55301
84830
23480
401067
164395
10018
80816
7265
29974
7763
1016
6208
55663
57162
10687
4926
131890
8269
107985320
3745
29015
58504
6487
80705
55733
375316
6619
149297
116841
27065
10040
64748
5267
80323
100996763
7417
51601
197258
11314
81621
56243
9721
1108
355
132243
144811
1488
9866
117583
7791
130916
57695
280636
5831
148229
28969
65975
126075
90957
2346
7703
57489
10000
7750
79656
387338
3557
9947
29903
23566
56967
22854
55638
7272
144715
26985
151651
55832
80235
170961
138046
6694
11119
55612
23191
51195
282991
95
503834
5597
4188
27336
94
5073
26227
55805
4835
3191
91351
91828
79862
6091
6434
4589
905
55200
57504
11329
57579
23369
25909
813
9885
154075
50856
90874
150684
5066
84941
26952
9282
51341
9625
9063
51123
79157
55749
2262
10557
100287399
729359
57657
8808
2890
84807
221785
138199
149428
1326
9231
285989
23590
29763
647135
59339
117245
10623
81399
135138
6399
10046
91807
10014
130013
79930
79660
2952
1666
124872
5250
93081
57628
29127
84071
124404
65009
6610
51454
10916
123355
10165
79581
57587
79676
253982
7625
2674
92922
9883
4735
10938
9980
402569
51385
4635
2771
202051
64928
127943
80216
284353
158399
126353
196394
56624
56896
114960
6440
83746
26512
50945
5593
7481
55752
286826
9589
9075
254783
51030
79600
119392
9538
51703
121665
140462
4734
9113
1540
4114
80332
78996
653820
10216
347169
494513
146433
10891
55852
255967
5092
55346
219995
124997
57228
339804
401397
5685
84667
3579
5744
124739
101929926
23287
56834
22902
4943
440073
9057
25800
4628
79830
94134
112398
23469
80221
27005
7433
57449
3691
6915
23255
6921
79731
7994
84070
2868
286053
54854
29066
29909
55683
25828
122525
80017
25999
90362
165530
91607
84449
51720
84067
116986
340273
6464
9849
8323
996
23085
8634
257397
22984
56006
8533
1981
10717
10087
3093
54328
283310
3104
5774
107984026
56924
80311
1235
10806
54962
817
80150
56997
5101
84838
10666
7755
55339
341
144983
83989
23150
2635
9887
7430
51053
55164
55322
10331
23131
8480
1788
9739
9270
6405
79142
55032
113277
149281
23457
11267
613212
55954
5906
11060
11145
56996
9814
7798
3886
26095
9202
8444
199713
467
2217
160364
57560
4725
8309
114792
4140
153090
401720
26224
4897
283149
598
55722
122953
4622
87769
374403
4709
11123
1176
150383
163255
5243
54872
9833
2569
123041
56990
29894
9278
412
388364
27434
115752
11235
4886
132014
277
80851
90113
5569
51657
91646
105373347
84908
58191
81573
9399
7760
3835
9742
4820
117854
2267
101929578
51310
8189
51317
7582
284565
50487
5326
151313
92822
163404
10
9255
79741
23350
8567
360205
79149
114785
54825
51322
6360
131873
149499
64759
7317
79649
11068
55623
317649
84135
9960
64784
54908
221687
119587
53938
124056
55249
118670
2067
145270
1355
2965
83795
283129
9411
2691
64224
9894
55214
9524
25807
64127
2852
51751
364
785
9711
2560
94240
10509
79922
2906
102724594
102724398
1312
256369
4544
11200
649238
6453
8498
146330
23648
79544
221458
54621
79072
60370
6871
6857
55258
8522
5742
10574
23119
54996
644815
57561
79603
11182
222235
388524
5686
805
5137
441054
8618
257106
84619
79058
10361
396
260425
202559
256364
56882
253769
7587
148156
26476
142891
1438
5345
4621
4524
64288
205860
7128
1232
149076
645432
388649
7164
158297
102724951
3475
2030
57336
6279
23286
4158
85461
55734
54799
54790
643669
27143
11234
5639
90423
10077
152816
8503
23507
2686
23386
8424
131096
389766
157695
51203
22876
56063
7918
100996758
389177
2625
84957
11148
23293
64754
3609
114134
23380
63941
56606
57655
23232
83539
51111
54552
10072
26579
3312
79740
338773
57101
200576
9122
5937
115196
966
22858
170591
29887
9677
30815
29058
79707
38
3082
29904
128710
134553
56890
8509
79415
259197
1612
2840
9913
5610
5874
60481
3174
11215
2833
79714
51068
10827
55291
51633
6139
9600
23301
2939
25979
53831
285753
57794
1780
399
25874
10793
3178
10344
57658
23556
8945
140688
151306
283
3257
5800
9985
56898
5524
130535
57404
85446
5729
124446
9528
101928436
2117
9061
54981
80774
5015
55010
57711
26130
8079
2553
170394
374618
8942
10228
55240
54715
342926
55892
5407
59286
63934
55321
7871
55030
81569
1638
10236
55012
10966
60684
3973
23345
122786
50511
6873
80184
8317
9650
140469
83641
160851
5897
160419
152110
6815
9081
54518
204962
956
254173
54165
4326
10056
80232
3704
8556
7571
388558
124751
3384
79811
8863
152098
140458
2328
5142
11142
92359
113510
11151
6607
128308
9688
130367
80013
5130
27039
225
130074
5664
5320
84866
1292
92106
54596
79782
5091
51105
55069
1725
55213
28959
79674
51247
94121
151871
2523
11079
58509
2901
56964
121340
54894
53905
158787
7170
54840
7026
4313
83759
54830
220988
158219
2591
8629
1950
84419
2624
55900
79949
54923
54897
23254
2937
79725
55556
1374
64800
63027
57633
282973
744
57679
79776
9515
114609
126231
8848
54896
9967
125336
140545
5915
80305
102723680
80063
1271
84433
91227
140461
28981
79156
1234
64398
53944
54529
4850
157638
10658
23329
5150
51760
55220
54462
27237
347744
53833
10335
10594
10180
7172
90529
1133
142680
101928527
137994
56986
5334
55314
5013
90075
57661
143279
6175
4237
51062
25806
93587
23213
389206
150946
26595
729852
64864
79091
9166
2615
9892
219736
441272
164714
57169
119559
145581
4201
7109
51427
2551
57559
8692
51433
148523
138065
6880
4771
126432
10761
25801
79668
286256
10788
55582
6323
84307
221468
9871
80345
57144
7536
9203
115795
11098
10149
10525
344658
3596
89876
518
11343
4924
206358
9320
163175
9873
5293
8630
91156
7776
2987
22836
154664
1644
11094
3431
22874
11318
8464
51566
57718
7812
388507
151903
221301
55137
79800
107985931
57795
63908
4267
9520
55627
10450
8796
8028
170692
4660
10229
143903
170082
816
93517
9994
80704
80145
2
342184
9908
3761
25886
79931
55848
343172
8204
160762
100129480
26277
9104
10078
388969
26267
5437
284001
1634
7111
50649
389643
125228
255057
54466
4329
85460
651746
79750
10181
9499
7862
4357
79071
6449
6128
341350
4892
219854
438
92291
19
51324
22890
10051
5601
6045
339416
8714
9745
8273
51027
5175
10008
116966
259236
2790
9991
8555
347736
89846
55565
10766
404203
51693
900
644100
1819
64979
55237
10908
166929
146540
5638
90665
6154
105377641
80737
9938
4482
10659
22885
1300
339665
53820
80059
130940
3800
55654
64839
4686
58472
51016
27141
285231
8881
8638
10865
134
145864
11201
114801
11149
65059
3753
10246
29933
84263
100101467
23351
10219
58526
7378
7511
3606
27255
441282
440519
4249
404636
753
57611
10718
105378696
23099
6258
51692
9277
168374
5395
84639
840
3098
3624
55504
280664
84289
80149
3936
8525
9443
10626
254427
29965
11091
55363
50626
64778
114821
115560
10411
64412
3703
4520
5074
84249
107984751
54870
55898
27121
9175
83844
84671
644994
2956
421
127396
10553
8659
31
9743
2053
27101
1315
81833
7260
23518
284058
22821
93664
9147
2678
94039
59277
51022
22917
267002
104
400506
113444
8187
5687
5199
23265
54531
10810
1785
6118
79891
253559
101927353
5891
6534
6668
80324
253558
7799
23770
92565
8880
51319
55002
734
79694
647310
186
9526
163059
130560
6949
10818
5217
8897
1089
301
8773
1073
3148
10211
23105
139378
146754
86
9856
89766
6575
3208
857
23288
84645
10114
91662
285193
54831
51809
339834
1259
7940
56672
151393
144363
1657
58499
11346
51654
79812
4899
55631
113115
10327
4245
10533
5669
79777
9271
283578
4863
147381
64788
55130
22916
51660
29989
80228
57674
27285
7480
255743
54860
9381
6370
57573
7704
10202
60680
55024
132612
54437
89869
8233
29883
23554
66000
55027
25777
340481
4637
441273
1429
124583
114881
57822
444
8398
374655
128346
8110
3566
6867
64793
84102
81545
401612
91833
2696
6427
466
10193
389903
114799
960
5058
84668
285331
59341
60560
23533
10781
126661
100131017
5156
10940
728661
85377
10060
91300
6777
79905
1894
23038
66008
84665
554251
26278
51531
196051
23157
254122
221981
57520
84455
5898
343990
10390
84064
2555
93134
29940
128674
5965
79968
7067
23264
253143
9681
57591
84445
54808
101060389
7182
208
162963
389072
728441
84281
644186
912
729877
6446
64645
148534
23390
3476
113246
196541
4534
7009
7741
445
48
415
25843
23415
143684
81691
80024
432
125476
151473
346653
54876
147923
26986
51061
10728
84336
1655
64421
441250
799
26007
85021
65981
10622
6557
146177
155465
54827
546
139212
25927
11105
57151
1775
4086
286144
159013
25948
89910
84146
7425
222537
7771
83876
7786
147179
9154
4008
339145
51073
161835
1876
85352
79258
23138
81557
171484
10288
55347
5727
64399
8739
374868
9235
4898
1390
342933
10475
79788
2113
91977
64857
26166
203197
23585
53373
29801
201292
7105
259232
84867
57589
349565
57407
11237
9489
132228
256006
10644
3856
79683
150468
84952
51529
55222
94097
9185
1515
149708
79143
11252
441155
160140
1901
83937
29123
56704
4040
58490
11034
6223
1610
729665
7514
25827
58487
152586
79792
79868
23030
64149
311
10817
57018
197320
65110
92400
54522
5270
152926
80895
445577
257019
1727
286527
55092
151790
24146
64327
284358
79717
9034
5870
55729
3987
9056
140578
29916
4343
105377805
84265
2841
84083
8575
4139
389668
83448
6009
885
147710
645864
1198
79885
375189
29102
9194
64763
8869
9684
4920
57472
27241
5901
84975
51208
3163
2677
91584
1104
390
115701
140628
84617
834
729830
4625
51422
27315
474343
5989
58511
161829
5048
7145
222553
9564
126668
84256
25793
7855
23151
55057
53942
55280
90627
3092
1649
284273
121642
5889
2322
137902
2597
138724
7407
9655
112939
155185
79962
26050
494115
84929
64081
57706
54331
65244
53834
374864
57117
134549
123264
92335
124512
346157
26009
283726
53407
29924
283417
130120
63035
28976
55147
7103
79884
6416
83856
641339
158471
27125
29128
8560
93611
127495
8458
8220
25937
387032
84251
90843
29959
51250
51132
2895
1936
136895
2902
90507
102724631
7434
5187
9575
79691
100996717
55771
253738
642987
2043
10955
50863
28982
7201
79037
84700
124790
199720
56673
126364
6391
101060200
84947
259230
9753
10611
23173
55669
287
113000
8792
26354
143098
4101
9047
85479
283899
122060
55764
10170
100131897
728734
100288072
2521
2533
55709
221496
163589
79148
259217
1135
10251
23240
146713
3948
5764
6941
1445
571
111240474
51251
5590
6790
8822
167691
5414
50805
55344
4258
342372
7813
83592
80824
5106
5553
102724101
84524
54809
344901
2582
79977
83706
160287
55861
158248
5576
10009
80775
114805
23352
116969
200316
6188
52
63826
7462
80313
54739
6836
55816
10848
55753
1087
4858
23268
5905
9454
25925
201895
26040
1641
7404
347862
105373381
101930307
161142
2077
4194
5290
9900
107985332
6296
139728
55625
197370
10873
1588
5606
153562
347344
171019
55652
10933
64145
390664
6667
197407
389170
4591
23327
165679
54756
1105
51146
51161
23670
85013
107987099
84253
23410
23108
58473
404093
56833
5984
60485
51290
8193
6646
8505
79925
112609
6492
167555
283219
1289
219285
5791
9757
5467
11101
199953
63970
9767
6050
11141
5653
4869
79698
7517
391002
222658
9187
10600
9563
54587
83723
4176
5531
2055
3652
7136
23421
64429
57678
23316
93979
6430
9675
375686
57231
23169
169270
57150
3895
4909
55350
348174
5869
30061
55259
85417
391059
115992
50632
1414
91683
7979
282890
89781
11062
11238
388662
135886
51517
94120
653464
6778
81616
6293
9860
2232
375775
55968
23082
65061
1455
167
27175
653061
7733
9821
125488
63922
11144
131408
23041
80055
24140
219970
147719
146705
90338
347475
26058
55362
55124
23251
92292
10095
23530
147741
9197
1836
150726
387119
7369
23259
4750
5017
54432
84329
5295
50485
343263
10776
10507
347902
57060
83988
23522
9331
6541
56262
11135
153768
7727
26251
80031
341883
64837
51629
440560
88
79446
10566
57147
170712
5717
78991
5168
23527
440068
79022
3636
377
283337
22899
2259
443
286097
26018
55591
728689
116447
8448
81669
283298
56180
202018
101410538
2752
285313
284252
131566
55289
777
282974
4052
2275
54930
8517
55959
388289
105374301
335
347240
4629
55756
56948
1524
440270
345930
2199
80224
100288687
9686
84144
3097
55714
2896
7782
168417
23127
151242
2961
5213
390637
8887
57184
2746
89894
153657
344787
56928
6238
11226
23384
79839
1607
107984104
152815
126003
401466
6335
84570
51611
374393
29993
8195
284131
8542
79370
25888
54857
219537
9638
196792
646864
714
89970
8520
55681
392617
79176
63920
54329
2889
90139
162333
1021
81490
49854
199964
5264
56938
80177
7579
78987
5747
64598
9611
23193
9627
9963
2891
4929
10382
79713
153579
6568
1211
93627
26093
1774
51006
22992
5132
23126
644145
23175
22829
339745
27067
124935
653082
89858
51606
1113
26254
5636
51035
255374
25992
8558
1495
7171
79016
920
145389
5872
6421
489
9700
81628
800
3149
2780
10752
23646
139065
23583
5368
7027
114928
54344
6776
132724
5252
5080
51444
27284
57677
169966
115811
55740
118788
25988
79003
6441
657
9901
1822
127731
22976
434
23619
4209
129642
55929
10713
541465
23431
55501
4802
91283
2554
146562
7329
57650
9867
29803
8576
6580
403
419
9581
53981
100287171
6650
284439
283971
10479
9584
11279
284004
9715
25906
3821
55218
5029
6469
140807
79712
55031
9831
378949
2802
348262
23332
25831
128372
54477
29765
10052
6242
1627
84527
113
666
24150
116115
112744
10485
125061
11124
9488
3581
6742
7043
51315
401089
84232
343450
4619
5896
8462
79796
221656
256309
6472
5932
159195
201176
388135
8372
284110
29911
57624
7551
79819
116068
57828
117581
23136
7576
51099
318
253959
8851
146167
201456
55215
3925
51304
81794
4361
55800
79844
100130890
1959
8013
1605
535
5067
54985
55028
23471
7529
28990
23483
123591
2023
4440
56899
29994
6457
286077
6772
5272
4358
729920
84141
144195
136227
5523
23394
2039
284307
88455
90050
132158
653308
342945
5829
10501
60401
81550
818
57673
57666
401399
10391
344892
5962
3693
5777
57142
6508
2488
29926
10300
6935
26270
11177
255394
151648
9229
374875
550631
83744
23335
3052
522
9668
54460
84056
80127
5500
27034
4690
107984974
80162
2825
669
83878
56944
374383
2358
64506
10244
23086
84717
643596
113278
91355
56853
84274
2261
120114
133491
2583
55286
158880
729974
100505573
10147
51646
219738
4739
147323
57592
80342
55063
84059
8974
8115
374877
4935
56941
116154
7552
9816
158067
8379
7052
11190
81578
166336
23167
339479
5111
128272
114900
145942
1591
2867
9372
221481
81609
4355
266977
85395
408187
10725
29946
65979
7633
57578
55182
8728
29086
1606
8515
54943
123920
25829
29843
990
89887
64376
3824
22887
3755
3069
10992
10690
10049
80022
9764
2172
92749
57551
167153
97
201931
577
6706
84287
6137
259307
54811
57644
64816
80274
79719
23761
51426
114897
81602
51333
147650
114902
389197
8476
23678
145814
150274
79048
55783
2330
9378
9205
55796
83451
7173
57476
51473
80381
222967
53354
282969
2118
3749
9641
285676
7421
2038
5141
54971
8835
10184
8496
55573
10137
4782
51106
23033
83475
653519
10613
55142
10859
84467
56978
23660
55567
9823
54433
11341
5279
1003
9370
149345
152330
2180
91392
1993
150290
11025
644
124540
253650
55628
10057
122509
221692
7168
8924
23366
115426
85015
148
140711
1236
1629
84987
136288
10494
1880
10473
9127
81566
83636
6047
27332
8428
7323
84069
84525
100507607
5558
2202
27439
51479
26108
205717
54558
55166
9927
728957
6620
83450
23216
162989
51761
3836
10465
5873
114088
9315
54455
145497
55035
3177
23196
9840
79899
132660
1906
3631
55655
6233
221188
83851
85397
4000
63891
374355
7988
9761
260334
28991
1663
27098
84892
3417
9267
101060351
90025
64802
3801
55821
10420
7059
23176
2326
2547
92736
6638
5158
5875
342618
10554
84912
11044
7818
51676
286151
149840
123346
10274
55914
81617
1852
83716
196294
60436
23403
91039
84101
9628
8534
57689
126208
3910
8499
6539
119
7726
6755
27033
54471
3899
115353
9215
8470
54346
340895
4345
58491
100131378
53336
345051
8631
158431
6792
4212
55080
54496
4109
147011
1838
401563
79903
27153
55016
9825
55713
5532
204
284338
3055
23683
2195
11104
5108
54823
27113
58497
58492
2743
3232
56246
126129
90196
54875
84896
1009
5198
55129
93973
113451
2214
9738
23172
196446
144568
9851
10290
54511
284114
5933
139081
10663
102723553
10231
7553
320
92714
79661
55297
114827
84688
137735
1837
84282
51569
92597
284805
57409
26010
23635
4045
160857
643236
5450
56270
8812
7464
25861
10402
389362
1471
57406
3660
201501
10785
157567
6171
9971
159090
22989
84690
55922
25936
6714
100506084
27145
10573
81671
2110
9990
22882
81501
390271
10061
653149
9640
6760
23764
5020
51368
81786
53840
102724788
83737
441024
4953
79092
5099
91869
57696
80198
1385
118429
283847
23036
81618
2742
57186
200895
7185
159963
716
55283
55159
6733
8934
1613
91419
147339
51246
284546
84808
317671
389549
441168
114771
56478
9189
54826
81615
130827
89953
10803
9862
9201
51435
8099
51313
11174
9649
92949
146779
219899
8490
63939
9632
57728
83931
51280
81544
54914
5470
100131608
2907
54842
81894
8708
79810
65117
80745
653720
163087
2194
8785
3914
7159
3000
79625
63916
203523
79960
58527
57716
7070
58484
50801
23476
57522
369
8837
170384
200159
375307
84812
4173
9701
2289
572
151525
2539
130557
831
100506736
5346
728239
55711
11260
168544
83998
2260
5899
9778
79871
440854
6514
80128
22864
339965
1499
55605
23072
11016
51719
642636
57415
2334
6046
4154
81847
9475
6403
440279
8566
26088
116412
3373
759
1103
10606
9173
28996
202309
7162
10302
883
57462
123096
29893
170954
127069
105372315
256380
10947
5315
84894
55171
6919
79627
79933
26762
145173
2475
63947
57452
65055
4649
84886
200373
861
8639
63982
286410
150472
55041
1345
1742
93273
51506
5460
9937
728568
26037
9044
23111
64743
55068
57003
3516
79696
8537
360023
79957
122046
166785
55823
3248
129852
7036
9806
389831
84417
7781
25924
115704
1759
1130
58525
7252
54906
79442
57553
4151
23506
255231
159989
441521
221
7589
570
51326
132884
6433
55716
57121
80173
6165
1386
222166
2710
9766
51115
54465
148581
5529
6764
198437
9666
1910
4664
57663
285513
92745
1420
123775
60682
102724985
8850
342132
10951
645961
79183
6850
64114
5578
79132
729355
10393
814
339168
26268
50814
30820
55066
60526
51104
245711
6398
56957
54816
796
6450
256949
10206
2934
389677
766
23032
25890
3939
2918
2185
118812
11004
54957
660
152518
120146
114932
931
90273
51050
1008
102723655
4013
80148
4957
2059
221078
114822
23114
56953
92691
8224
91748
22949
100507003
57187
5128
100505741
2357
23306
653583
7266
79056
26051
29
6834
51093
8912
130574
55578
54856
2138
375484
7620
341152
27300
10363
23263
10152
6934
124152
120400
8031
728656
26152
4168
54859
9961
51523
5830
1890
240
84450
84458
11270
84134
83401
7468
1572
84622
10745
201134
55715
410
5305
91782
726
84229
54497
22871
22835
84269
327
114905
80195
26211
728591
9689
23515
388512
29800
147166
7803
4783
5359
2745
85320
220929
51334
8672
55216
27179
51710
64651
11037
339448
1412
10800
155368
11188
130162
55070
203102
1795
706
79652
64834
494470
147929
23152
283316
5136
10876
284958
65982
1048
1646
284325
22850
51267
11107
84924
202500
6705
725
6905
729
146857
51114
10444
643414
136332
54413
94241
8871
55660
57337
51196
344387
54507
146429
158401
64423
5903
3355
9810
7562
219902
112267855
5789
100129250
859
11021
348013
26205
81796
79020
4925
433
374986
51082
23569
140690
64766
93986
10318
541466
5003
83478
100533183
84889
89941
85403
185
7743
84515
7580
257160
23759
1797
25957
3481
54920
26225
8875
80347
836
79602
4889
100288801
57175
3416
4809
80204
2524
55646
79047
26065
9290
55870
3694
9811
158511
79161
5050
6284
5599
390077
151126
286075
6556
9457
79944
10906
10804
114880
79596
53827
10237
8711
91687
9048
79898
1755
85480
5443
7092
55593
1004
51460
100129278
65258
26019
5498
10655
9909
6769
1514
5796
8540
26287
57105
4841
729420
51397
440335
84803
84661
4478
56916
8731
10443
128229
161502
6522
5786
7264
353088
64708
50937
5757
1487
79838
83596
10551
2829
54899
10569
10101
6444
84057
5983
10841
153396
57102
4145
8453
6597
6494
83734
153643
22798
157697
84259
143941
2100
55769
57577
84964
25989
135
134359
132141
642475
272
55421
25943
3890
9858
102724127
80230
60561
84557
9957
1137
330
22898
9847
6840
285600
56477
51538
51747
8989
2528
83607
84193
100533178
63917
3156
56947
8563
57194
55089
79733
9726
200523
126410
160428
7037
10350
4528
107986554
220047
200132
5429
55153
548644
90485
246269
9931
165324
51575
11066
9236
80199
3508
2562
8879
23215
347688
115350
58516
51128
4698
284451
81565
9605
5718
4103
10616
147686
196385
8814
1806
51013
22998
80152
8972
25798
83930
324
2823
161176
219333
1129
23587
57053
55552
6660
145773
8685
6561
146227
257313
5878
90527
399697
83852
6334
51755
81839
57545
6938
51548
259173
23523
120425
388536
141
256643
285423
54858
80183
81848
2572
10142
7050
56681
53832
100507588
84262
112476
5127
79172
169981
8874
22933
5775
83889
3913
389075
4778
127534
26998
84221
8908
321
22828
10243
6276
66002
145482
5173
10380
10062
5998
54991
440585
10746
79590
25875
6049
26256
11059
79705
130507
2241
6611
5567
54851
51441
55726
2650
6756
26039
26528
90120
3875
728586
1796
79027
307
7644
285268
11080
79042
80757
5348
85444
2309
146862
135112
90827
158763
9110
54839
8548
4902
102723750
283948
7288
83594
7566
374955
51463
10452
23049
79876
23580
55795
1356
1047
2967
126526
80823
146542
8313
153129
84988
51586
22844
1508
54557
6843
11283
51117
9238
11092
55084
23177
8671
1500
140836
169026
10668
1984
26052
80714
51160
5144
63950
83849
56244
83657
7431
55670
23132
55180
3633
290
3786
261729
388333
55512
352954
200810
144348
8463
1501
1889
9167
10495
115352
25771
57475
165721
6318
5771
5286
58485
142910
7738
6688
3190
102724197
25915
196074
10630
5598
22987
8839
266675
89777
2917
8740
3705
7270
8481
63905
4074
2491
9153
7402
80830
118426
441869
57143
57684
9830
84332
379
10371
1749
57619
9702
10914
100509620
51434
633
7978
440695
5152
389118
79184
5581
79634
79290
51594
80728
5149
776
4356
64600
29114
65980
79841
55692
115201
4600
256987
1088
9920
440738
54470
5294
2046
7699
10753
51094
3568
143872
200894
54537
285386
84561
1032
84722
29761
8545
2548
55422
124044
121273
344807
64283
9121
1024
54540
23550
285016
3275
84872
55808
9376
84327
5214
28971
1159
387923
11311
201294
53346
54935
51002
2128
5271
56256
8682
339669
7941
56052
91851
9031
84264
80317
107987158
7474
3150
2176
64393
4047
26034
84280
285641
9317
79917
9360
200162
101928095
255403
6925
55975
219699
619208
107983981
5478
83637
2568
7922
9156
107282092
51008
7106
6560
100996709
158038
219287
25966
8999
3554
151050
327657
913
80011
3964
7544
79675
55775
9079
6583
1022
10579
54766
3241
100191040
9886
9725
114926
57335
4430
342346
64969
84795
100130771
55048
9276
22849
2915
9469
1528
9712
9557
26999
387357
79739
102724488
8622
1842
64792
7068
7596
148266
55704
222696
642819
2047
22924
2762
114791
83850
10868
8760
5914
3038
135892
84790
200172
107985556
4780
346673
23067
414152
3340
132989
64231
9101
55351
79177
728588
7267
80122
10370
63940
340542
1960
400258
27236
23682
116
55038
55869
100506658
23142
7408
957
55138
59338
29087
51673
7293
145508
29945
64981
6929
6197
1295
57473
80131
64395
8738
57178
118980
91574
6419
9099
80319
91522
22980
84260
2222
91775
220002
79993
51440
2242
79961
51294
3932
202243
152992
23221
22908
11063
10161
285550
3843
85456
343099
1800
440184
254158
79009
7543
1781
64344
2998
4205
54517
25818
165055
151556
81033
92579
6940
54880
56157
6910
79065
8501
85462
8635
10801
10749
220992
1143
90204
25984
9941
55917
4994
51742
9455
6579
55311
10203
129401
80153
54891
22843
83707
5172
808
7692
27328
56848
51554
51307
5033
51651
3604
9498
55827
152877
7216
285126
146850
6895
9693
7629
91966
25792
55116
128153
1306
89778
113146
54476
5321
80772
10314
80125
118491
642658
29919
56729
401258
25959
153571
80095
6285
23576
84223
5245
148223
51299
112849
57148
22794
90865
81926
9929
9162
2549
8328
135295
23432
79807
83890
51174
9792
7975
79877
64343
159091
22911
10723
84629
57180
139793
84937
1497
388389
157777
1831
2954
100190949
26509
23365
10861
51281
85450
254042
3032
5372
7087
8658
9576
7100
337876
2444
51102
256979
284021
64599
1384
138716
2323
4915
284098
3671
11011
79847
211
6675
64167
119548
100131211
10134
203228
79595
147837
114823
286499
448835
4999
682
3269
846
10445
55154
203062
30819
55132
7705
1184
10539
83544
132321
23639
286530
9645
2709
2051
92715
2186
64764
5575
10194
56165
116369
166348
59271
91664
60491
6886
9842
152185
2972
23120
409
5680
56850
54221
112840
6942
200844
51135
728118
2669
2926
51311
57608
5000
123228
7772
29942
64089
821
9671
3422
11278
29091
2960
55036
169792
6484
7694
51377
7593
540
84335
1827
168090
4012
126308
9651
284459
133874
23314
84288
6480
55298
9762
9670
5325
54952
9209
822
2815
29886
4671
84333
23595
54
80217
6527
92346
2800
9540
55680
400713
27309
136242
6693
285556
162972
7541
56895
160492
23677
161436
84068
267
205251
221527
642446
1996
10298
8644
4299
84695
6749
56935
55174
23564
6574
23409
26011
55758
23054
54822
85301
9911
5129
60468
29780
115362
171586
23295
54852
284254
8412
9037
26100
3284
157807
29798
55196
4087
26520
712
7752
90
55317
374920
155038
387755
57602
55357
3720
57161
57683
345895
654429
11157
27330
59269
285180
3737
9534
5053
114904
10840
9919
3838
10148
148753
9751
54676
5588
341346
3029
79959
79954
80318
6332
23400
3742
27097
317662
84456
394
100287896
54664
10107
374969
84436
54207
107987425
10492
201266
57048
10772
23220
7186
3795
128826
220032
64927
7456
7307
51738
56203
221927
3274
63898
148327
56674
55198
117178
192669
64858
116372
7049
27111
10409
57691
130733
57224
57659
7343
26240
54963
124401
26261
731220
641649
23322
142686
54504
8438
6748
7626
23603
3480
5526
27147
79894
83886
84250
473
1353
256356
2898
29119
91050
653509
775
1415
9053
131965
25917
140685
387509
493911
79007
79784
100289561
6943
201516
84166
10073
10734
59284
255520
55425
10434
10911
8569
55763
646658
81614
10326
165186
26608
51321
162655
5522
220042
127665
4779
357
133619
55621
29992
164656
998
257169
55161
80726
162681
79098
1999
83479
9146
120071
8527
55851
51375
168391
6462
10735
143379
92002
3382
977
130951
65056
339229
10742
6418
22909
54475
7432
376497
254251
9805
252969
165631
1813
51530
210
54704
151647
55727
57509
79651
23275
201633
50813
63935
90342
5047
5723
92
203328
653857
284370
9159
23091
140890
83854
58495
79948
80818
221002
25780
135932
4848
80298
51305
84125
23026
147991
1757
7157
10814
220081
10400
10296
90416
146325
1527
3283
3841
5176
101927844
55784
192683
51058
9790
1382
1015
54806
49855
9295
51752
203054
285527
246184
2618
79709
5051
6304
26996
8710
388761
56965
112611
55668
221336
57568
578
151887
2071
51098
1404
58506
167838
23163
23007
8471
837
3983
622
3371
55320
8027
8625
84501
11118
55636
7390
29125
29943
23047
83546
5257
132949
220965
57216
133482
57099
24139
375444
92521
6595
11133
56271
100310812
127435
53919
54555
84891
57614
5354
5425
85455
51741
5062
6445
55596
91754
4831
51365
56257
80196
80349
374900
7485
285368
285671
4126
2196
7702
3376
51338
57622
114548
27243
8807
23253
253943
64129
65989
7074
57834
64844
722
9706
2120
497661
549
4620
55088
92305
9474
23658
989
713
5324
151246
9088
129080
51075
79805
984
197135
116228
79096
400891
2054
26286
79623
132864
23189
2130
254272
89849
3980
23005
5331
647589
196500
3945
26959
84164
257218
100505591
55288
55211
54805
54916
390443
55177
80764
1656
83694
56937
2626
3068
7957
8916
84172
6581
80833
346288
5452
1128
78995
8717
9463
340554
401145
121274
