1	22
2	15
3	3
4	3
5	2
6	14
7	1
8	27
10	6
11	2
13	1
14	1
15	2
16	5
17	11
18	1
19	2
20	1
21	2
22	2
25	3
26	3
27	1
28	1
29	7
31	1
33	1
34	1
35	1
36	3
38	1
39	1
40	1
42	1
43	3
44	1
45	2
49	3
50	5
51	3
55	2
59	2
62	2
63	2
65	2
66	1
67	2
68	1
71	1
74	1
76	1
78	1
79	7
80	1
81	10
82	2
88	1
92	1
98	3
101	1
103	13
104	1
109	1
111	1
113	3
114	2
115	1
117	2
120	3
122	6
126	1
129	2
130	1
133	1
135	2
136	3
138	1
139	1
146	4
149	2
153	1
155	1
167	3
168	14
170	2
171	1
180	1
182	1
185	1
190	1
192	2
195	1
196	7
201	3
203	1
205	1
207	4
209	1
210	8
212	1
213	2
222	1
224	1
225	1
226	1
228	5
229	1
233	1
236	1
240	8
241	1
244	1
251	2
253	3
254	2
255	1
256	1
258	2
259	1
261	1
263	2
267	1
268	1
269	3
270	3
272	1
273	1
277	1
278	1
283	2
288	1
302	1
311	1
315	2
316	2
317	3
318	5
320	1
327	1
330	1
334	2
336	1
340	1
345	2
352	1
360	1
364	2
367	1
371	1
393	2
420	1
421	2
422	1
424	1
427	1
430	1
433	1
437	1
439	1
446	1
447	1
451	1
455	1
456	2
465	1
493	1
496	1
499	1
503	1
509	1
511	1
522	1
538	1
548	1
561	1
566	3
568	1
590	1
602	1
606	1
608	1
624	1
625	1
628	1
638	2
662	4
677	1
684	1
686	3
718	1
758	1
766	1
773	1
793	1
797	1
865	1
869	1
962	1
1071	2
1081	1
1137	1
1176	1
1198	1
2043	1
2234	1
2472	1
2694	1
2706	1
3492	2
