1	157
2	23
3	7
4	3
5	12
6	14
7	8
8	65
9	10
10	155
11	4
12	6
13	15
14	1
15	6
16	7
17	16
18	16
19	12
20	11
21	7
22	9
23	2
24	4
25	4
26	3
27	2
28	7
29	10
30	1
31	4
32	6
33	3
34	3
35	4
36	8
37	3
38	1
39	6
40	3
41	3
42	9
43	8
44	4
45	2
46	7
48	3
49	5
50	6
51	3
52	4
53	3
54	1
56	1
57	1
58	2
60	2
61	3
62	1
64	1
65	2
67	1
68	4
69	1
72	1
76	3
78	2
79	9
81	2
82	3
83	1
84	16
85	2
86	3
88	2
89	3
90	2
91	2
94	1
95	3
96	1
98	3
99	3
100	3
101	3
103	2
104	10
105	3
107	13
108	1
109	1
112	1
113	1
114	2
115	1
116	1
118	1
120	3
122	3
123	2
125	1
126	4
127	2
129	1
130	3
131	2
132	1
133	1
134	2
136	1
138	2
139	2
141	8
144	2
147	1
148	5
151	1
152	2
156	1
157	1
166	1
170	3
174	1
175	2
180	2
184	4
188	3
193	4
195	1
196	5
197	1
201	4
205	1
206	2
207	1
208	4
209	1
210	6
211	6
212	1
213	1
216	6
217	4
222	1
223	1
224	1
225	1
227	1
229	1
230	5
235	1
237	1
238	1
242	1
243	3
244	2
245	1
253	1
254	2
257	1
258	2
259	1
265	1
267	1
269	4
270	1
274	1
278	2
279	1
292	1
295	1
296	1
303	1
314	1
324	3
332	2
340	2
345	4
350	5
353	5
357	3
358	1
361	1
364	2
368	6
386	1
389	1
393	1
396	2
403	1
405	3
406	1
419	4
421	1
422	1
423	1
432	1
433	1
436	4
453	1
455	1
456	1
481	1
489	1
498	2
503	1
504	1
538	1
548	7
557	1
573	1
581	1
582	1
602	1
609	1
618	1
635	1
646	2
675	1
677	2
682	3
687	1
694	1
700	1
716	1
794	3
799	1
804	1
845	3
857	1
867	1
940	5
983	1
986	1
1028	1
1035	1
1042	1
1234	4
1235	1
1237	3
1276	5
1279	6
1524	1
1678	1
1863	1
2042	1
2102	1
2234	1
2421	1
2457	1
3278	1
