10	1
12	2
16	1
23	1
24	1
25	2
26	3
27	1
29	4
31	1
33	2
34	3
35	3
36	1
38	2
42	1
43	2
45	1
49	1
50	3
51	2
52	1
56	1
58	2
59	6
60	3
61	1
62	1
65	1
66	3
69	1
73	1
74	3
75	1
76	1
77	2
78	1
81	1
82	2
83	1
84	2
85	4
86	2
87	1
88	2
90	7
91	1
94	2
95	3
97	2
103	3
109	6
110	1
111	1
116	1
119	1
120	3
129	1
132	1
133	1
135	1
146	2
150	3
158	1
177	1
186	1
187	1
188	1
190	1
195	1
201	1
210	3
214	1
215	4
221	1
229	1
243	1
253	3
257	1
269	2
270	2
273	1
274	2
275	1
279	1
288	1
295	1
313	1
317	2
332	1
333	1
351	1
358	1
359	1
374	1
393	8
406	2
426	1
428	2
434	1
459	1
491	1
493	1
501	1
520	1
524	1
547	1
553	1
602	1
655	2
665	1
678	1
707	1
842	1
907	1
926	3
1036	1
1037	3
1055	1
1071	1
1159	1
1189	1
1192	1
1559	6
3543	2
