1	215
2	36
3	17
4	58
5	14
6	21
7	38
8	17
9	54
10	450
11	28
12	22
13	14
14	14
15	21
16	36
17	18
18	8
19	5
20	10
21	10
22	8
23	11
24	6
25	2
26	14
27	3
28	5
31	3
32	2
33	1
34	1
35	3
36	6
37	4
38	8
39	1
42	1
43	1
44	2
45	1
46	5
48	1
53	2
54	2
56	1
59	2
60	1
61	1
62	2
68	1
72	1
74	2
80	1
82	4
84	2
86	1
96	2
98	5
101	1
111	1
113	1
117	2
119	1
120	4
122	1
123	1
124	1
128	1
131	1
141	1
142	1
144	2
155	1
158	1
165	1
167	1
174	1
182	1
186	1
223	1
240	2
242	1
249	2
267	1
275	1
284	1
310	1
327	1
340	2
351	1
358	5
360	1
362	1
377	1
403	1
424	1
456	1
463	1
482	1
483	1
498	6
536	1
562	1
585	1
600	1
626	1
644	1
652	1
671	1
680	1
705	1
825	1
867	1
908	1
945	1
986	1
995	1
1800	1
